481 178 742 601 837 1472 1102 303 720 1197 644 1075 924 1075 1227 1075 515 1075 613 1247
1011 1620 879 150 1052 1660 1660 1660 1660 1660 1660 1660 1660 1660 1660 1660 1660 1660 1660 1660
712 752 774 1109 416 1197 437 1563 1660 1660 1660 1660 1660 1660 1660 1660 1660 1660 1660 1660
712 169 178 178 1036 481 355 1109 1105 154 1660 1660 1660 1660 1660 1660 1660 1660 1660 1660
122 954 1197 437 1075 481 1620 127 1197 437 169 754 954 1075 1197 437 1552 1660 1660 1660
343 1660 1660 1660 1660 1660 1660 1660 1660 1660 1660 1660 1660 1660 1660 1660 1660 1660 1660 1660
1404 436 1197 437 1660 1660 1660 1660 1660 1660 1660 1660 1660 1660 1660 1660 1660 1660 1660 1660
751 1552 1197 437 601 10 1563 1660 1660 1660 1660 1660 1660 1660 1660 1660 1660 1660 1660 1660
880 436 1197 530 1660 1660 1660 1660 1660 1660 1660 1660 1660 1660 1660 1660 1660 1660 1660 1660
1340 869 22 1660 1660 1660 1660 1660 1660 1660 1660 1660 1660 1660 1660 1660 1660 1660 1660 1660
178 1109 457 1537 412 444 1455 226 842 1075 123 1563 698 652 444 943 1552 123 726 178
647 178 1109 1224 1660 1660 1660 1660 1660 1660 1660 1660 1660 1660 1660 1660 1660 1660 1660 1660
28 927 1118 993 1660 1660 1660 1660 1660 1660 1660 1660 1660 1660 1660 1660 1660 1660 1660 1660
1227 767 1537 264 1660 1660 1660 1660 1660 1660 1660 1660 1660 1660 1660 1660 1660 1660 1660 1660
314 1109 1239 1010 943 178 1109 1367 1537 1036 1660 1660 1660 1660 1660 1660 1660 1660 1660 1660
223 300 892 437 1075 941 1197 733 205 454 1078 1227 1660 1660 1660 1660 1660 1660 1660 1660
314 941 1197 89 1194 1563 1660 1660 1660 1660 1660 1660 1660 1660 1660 1660 1660 1660 1660 1660
941 1197 437 1093 601 39 956 239 1563 1660 1660 1660 1660 1660 1660 1660 1660 1660 1660 1660
681 150 1068 1395 943 1552 601 966 121 580 684 613 1198 726 1650 598 843 337 251 1537
1592 1660 1660 1660 1660 1660 1660 1660 1660 1660 1660 1660 1660 1660 1660 1660 1660 1660 1660 1660
42 702 601 553 1480 1366 1500 726 42 1230 1197 1366 37 726 613 1636 1075 437 1552 1340
1555 178 1385 436 52 437 532 1027 532 1660 1660 1660 1660 1660 1660 1660 1660 1660 1660 1660
1606 178 880 436 1197 437 1563 1660 1660 1660 1660 1660 1660 1660 1660 1660 1660 1660 1660 1660
808 303 186 255 486 601 869 271 1660 1660 1660 1660 1660 1660 1660 1660 1660 1660 1660 1660
169 754 880 436 1197 437 1075 1076 880 436 303 720 1315 30 88 468 924 121 163 726
1186 1075 585 601 1472 1660 1660 1660 1660 1660 1660 1660 1660 1660 1660 1660 1660 1660 1660 1660
1254 601 437 1075 22 726 1660 1660 1660 1660 1660 1660 1660 1660 1660 1660 1660 1660 1660 1660
169 1340 134 1197 205 726 134 1197 1567 1211 88 720 1197 205 726 1660 1660 1660 1660 1660
314 1552 1197 437 416 1377 1660 1660 1660 1660 1660 1660 1660 1660 1660 1660 1660 1660 1660 1660
1555 178 1404 436 1141 835 349 1354 1197 1613 205 1563 169 754 1389 1197 1613 205 416 52
481 740 126 601 10 437 1075 314 306 1620 414 1563 1660 1660 1660 1660 1660 1660 1660 1660
943 1552 1340 1620 1660 1660 1660 1660 1660 1660 1660 1660 1660 1660 1660 1660 1660 1660 1660 1660
1555 178 1404 436 1190 437 1563 1660 1660 1660 1660 1660 1660 1660 1660 1660 1660 1660 1660 1660
207 1563 1660 1660 1660 1660 1660 1660 1660 1660 1660 1660 1660 1660 1660 1660 1660 1660 1660 1660
124 834 1241 1106 1031 250 1560 1533 1313 652 38 475 207 1563 823 726 1660 1660 1660 1660
379 1581 480 339 1291 308 1202 1660 1660 1660 1660 1660 1660 1660 1660 1660 1660 1660 1660 1660
647 803 186 1059 726 437 22 1660 1660 1660 1660 1660 1660 1660 1660 1660 1660 1660 1660 1660
1332 1197 437 1537 1510 22 1660 1660 1660 1660 1660 1660 1660 1660 1660 1660 1660 1660 1660 1660
613 904 1197 1567 1078 88 1660 1660 1660 1660 1660 1660 1660 1660 1660 1660 1660 1660 1660 1660
1408 260 809 418 1660 1660 1660 1660 1660 1660 1660 1660 1660 1660 1660 1660 1660 1660 1660 1660
42 1545 601 563 1463 403 726 42 454 601 15 943 1019 464 687 601 290 1075 1076 42
314 1552 1197 1108 1077 88 720 1190 437 1660 1660 1660 1660 1660 1660 1660 1660 1660 1660 1660
825 1224 1075 22 494 436 468 1103 720 921 936 42 1566 1340 781 1354 112 726 1660 1660
1612 943 1197 437 1552 1197 698 1537 1197 755 1170 1205 726 314 1552 1197 1056 964 720 180
1456 960 169 178 1036 1563 1660 1660 1660 1660 1660 1660 1660 1660 1660 1660 1660 1660 1660 1660
22 151 337 164 416 1439 709 1075 613 1652 407 314 1552 113 726 314 1552 1197 1567 1391
314 1532 1603 1197 437 196 1563 751 1555 1532 822 178 880 436 1563 1660 1660 1660 1660 1660
303 1655 42 1319 178 1552 429 726 1197 854 42 1319 178 585 1552 1655 1443 726 1197 854
10 121 178 613 436 904 1075 1636 880 436 1197 733 205 1660 1660 1660 1660 1660 1660 1660
314 1552 1197 654 720 90 416 1197 1057 1660 1660 1660 1660 1660 1660 1660 1660 1660 1660 1660
1224 43 1075 589 1075 795 1660 1660 1660 1660 1660 1660 1660 1660 1660 1660 1660 1660 1660 1660
186 958 416 103 1660 1660 1660 1660 1660 1660 1660 1660 1660 1660 1660 1660 1660 1660 1660 1660
481 178 1606 13 687 1620 314 306 178 1194 1660 1660 1660 1660 1660 1660 1660 1660 1660 1660
1037 178 1071 1075 532 1584 42 1555 1340 1006 735 1197 395 1455 1200 720 360 30 1233 416
1404 436 601 1103 720 348 943 1309 1537 303 1643 720 1197 672 1660 1660 1660 1660 1660 1660
437 880 1660 1660 1660 1660 1660 1660 1660 1660 1660 1660 1660 1660 1660 1660 1660 1660 1660 1660
314 1493 754 178 1601 468 436 1563 1660 1660 1660 1660 1660 1660 1660 1660 1660 1660 1660 1660
751 1109 376 1289 778 1537 1197 437 1563 1660 1660 1660 1660 1660 1660 1660 1660 1660 1660 1660
1561 644 726 1385 1620 1340 532 1611 532 1660 1660 1660 1660 1660 1660 1660 1660 1660 1660 1660
880 1197 205 1075 1076 901 1197 1567 1141 644 416 1197 345 1660 1660 1660 1660 1660 1660 1660
437 468 924 1660 1660 1660 1660 1660 1660 1660 1660 1660 1660 1660 1660 1660 1660 1660 1660 1660
314 109 1197 205 42 8 1537 1535 1537 650 659 1563 1660 1660 1660 1660 1660 1660 1660 1660
1456 205 1552 783 652 1171 1455 1583 1563 1660 1660 1660 1660 1660 1660 1660 1660 1660 1660 1660
151 1190 186 1059 950 416 801 143 468 1373 416 121 726 1660 1660 1660 1660 1660 1660 1660
314 1438 178 1481 1563 1660 1660 1660 1660 1660 1660 1660 1660 1660 1660 1660 1660 1660 1660 1660
1404 436 601 205 943 1552 1340 1197 437 1076 1293 1197 1030 271 720 1227 726 1660 1660 1660
1312 436 52 1075 1312 436 943 1075 469 1532 1603 565 720 1197 1513 219 152 1563 1660 1660
241 135 644 652 896 1075 1562 1075 1077 1075 822 1075 1563 1075 1562 1075 1164 1075 1496 1075
1398 109 1612 1197 437 1552 601 290 726 1555 178 880 436 687 1197 290 1563 712 111 1552
1404 437 42 8 1537 1415 1660 1660 1660 1660 1660 1660 1660 1660 1660 1660 1660 1660 1660 1660
1552 1197 437 1297 1660 1660 1660 1660 1660 1660 1660 1660 1660 1660 1660 1660 1660 1660 1660 1660
532 851 1531 1531 639 532 314 702 42 113 196 1660 1660 1660 1660 1660 1660 1660 1660 1660
42 702 794 272 1002 613 1197 336 1608 1537 1036 1190 437 327 843 1259 723 436 1660 1660
306 178 1650 150 1424 1354 436 1563 1660 1660 1660 1660 1660 1660 1660 1660 1660 1660 1660 1660
314 1109 1190 1059 1563 1660 1660 1660 1660 1660 1660 1660 1660 1660 1660 1660 1660 1660 1660 1660
314 88 1660 1660 1660 1660 1660 1660 1660 1660 1660 1660 1660 1660 1660 1660 1660 1660 1660 1660
622 652 1620 109 836 468 463 867 720 543 765 1563 1660 1660 1660 1660 1660 1660 1660 1660
134 601 1 687 601 83 943 1017 914 1197 1057 1102 303 1643 277 1197 10 205 1537 239
126 1645 741 359 247 1563 1660 1660 1660 1660 1660 1660 1660 1660 1660 1660 1660 1660 1660 1660
1552 1197 437 1371 774 1660 1660 1660 1660 1660 1660 1660 1660 1660 1660 1660 1660 1660 1660 1660
42 1574 754 880 657 1660 1660 1660 1660 1660 1660 1660 1660 1660 1660 1660 1660 1660 1660 1660
1555 178 880 436 601 1 1563 416 854 1388 726 781 601 99 1660 1660 1660 1660 1660 1660
151 314 178 1228 522 184 1563 1660 1660 1660 1660 1660 1660 1660 1660 1660 1660 1660 1660 1660
449 1071 1075 532 1064 1075 1197 125 172 1626 613 355 877 1537 169 601 1060 1378 726 532
314 169 178 1036 687 763 1660 1660 1660 1660 1660 1660 1660 1660 1660 1660 1660 1660 1660 1660
1194 1197 1108 759 1227 720 1197 437 1660 1660 1660 1660 1660 1660 1660 1660 1660 1660 1660 1660
1103 1197 1337 277 1190 467 958 1075 820 1197 205 178 1493 754 1122 726 182 962 1585 786
1460 1197 14 1059 726 1332 1197 1503 178 169 754 1608 1537 1601 190 337 416 1359 1576 613
326 1197 367 581 1075 35 1413 178 454 131 1636 1174 687 1599 726 1660 1660 1660 1660 1660
712 752 88 1109 416 1197 247 1537 1577 753 659 613 314 1109 1197 1108 463 1227 1660 1660
1194 920 481 1197 1108 255 720 1197 359 205 1552 150 42 1075 1455 327 1194 513 726 1660
1555 178 888 436 1457 1190 437 1563 1660 1660 1660 1660 1660 1660 1660 1660 1660 1660 1660 1660
1580 1563 1660 1660 1660 1660 1660 1660 1660 1660 1660 1660 1660 1660 1660 1660 1660 1660 1660 1660
314 1552 1197 10 205 1563 1660 1660 1660 1660 1660 1660 1660 1660 1660 1660 1660 1660 1660 1660
178 1109 68 1537 1404 436 1197 437 1660 1660 1660 1660 1660 1660 1660 1660 1660 1660 1660 1660
751 941 754 1547 1307 675 416 1197 437 621 1563 1660 1660 1660 1660 1660 1660 1660 1660 1660
1385 1197 698 468 1197 600 709 1660 1660 1660 1660 1660 1660 1660 1660 1660 1660 1660 1660 1660
134 1463 1537 1278 1197 1059 1660 1660 1660 1660 1660 1660 1660 1660 1660 1660 1660 1660 1660 1660
1651 1241 1313 1313 378 1660 1660 1660 1660 1660 1660 1660 1660 1660 1660 1660 1660 1660 1660 1660
314 1227 1109 802 416 1197 247 416 143 468 924 1563 1660 1660 1660 1660 1660 1660 1660 1660
22 431 1197 604 416 1018 247 726 1660 1660 1660 1660 1660 1660 1660 1660 1660 1660 1660 1660
1308 255 1660 1660 1660 1660 1660 1660 1660 1660 1660 1660 1660 1660 1660 1660 1660 1660 1660 1660
1537 356 1075 22 697 601 437 652 1660 1660 1660 1660 1660 1660 1660 1660 1660 1660 1660 1660
42 702 700 601 511 1 943 240 601 560 1127 1537 601 1260 726 42 306 633 178 1537
1606 178 227 436 314 1537 781 1537 452 879 815 1660 1660 1660 1660 1660 1660 1660 1660 1660
1555 178 1404 436 601 10 141 1660 1660 1660 1660 1660 1660 1660 1660 1660 1660 1660 1660 1660
22 1385 611 1190 437 1660 1660 1660 1660 1660 1660 1660 1660 1660 1660 1660 1660 1660 1660 1660
178 1109 226 783 1224 726 178 1109 757 726 1190 904 1146 1552 1537 26 906 1480 687 1224
169 754 169 943 880 436 1197 437 1660 1660 1660 1660 1660 1660 1660 1660 1660 1660 1660 1660
245 1197 255 190 1142 1078 720 1197 437 726 73 1620 879 229 726 1404 436 1197 1218 726
941 1197 1472 454 1402 1660 1660 1660 1660 1660 1660 1660 1660 1660 1660 1660 1660 1660 1660 1660
1525 588 1490 726 178 1109 601 572 685 1502 943 502 1353 416 341 720 1212 276 1531 1075
42 8 1197 437 1354 1197 1140 690 1075 1555 178 888 436 1563 1660 1660 1660 1660 1660 1660
223 405 436 1197 173 1075 712 111 1552 1197 173 1563 1660 1660 1660 1660 1660 1660 1660 1660
1197 1567 1495 88 1660 1660 1660 1660 1660 1660 1660 1660 1660 1660 1660 1660 1660 1660 1660 1660
42 1545 49 943 1197 437 1552 709 613 943 1552 1197 123 437 1660 1660 1660 1660 1660 1660
223 1105 1197 510 958 1460 186 1059 1075 1196 633 601 501 668 613 1404 436 1197 205 1660
314 1552 1197 698 1537 52 229 818 290 1563 1530 1660 1660 1660 1660 1660 1660 1660 1660 1660
712 752 336 454 82 1197 437 1660 1660 1660 1660 1660 1660 1660 1660 1660 1660 1660 1660 1660
42 1144 1197 10 1076 1620 1071 740 126 601 703 717 726 314 703 1552 56 1660 1660 1660
764 1197 65 1643 532 42 532 1660 1660 1660 1660 1660 1660 1660 1660 1660 1660 1660 1660 1660
249 873 966 1636 1174 1075 1354 626 394 726 421 552 1340 68 1075 1636 178 1555 206 755
880 436 1197 437 468 1197 1108 1643 1230 1660 1660 1660 1660 1660 1660 1660 1660 1660 1660 1660
416 1190 1350 1089 1075 532 42 772 481 182 186 1350 291 1197 1451 943 42 169 1340 454
314 1109 1197 69 463 1227 416 52 338 652 601 822 1660 1660 1660 1660 1660 1660 1660 1660
1433 150 1052 1568 1075 1456 1552 1340 1043 1537 1197 437 190 337 726 1497 1190 698 468 532
218 436 437 607 1660 1660 1660 1660 1660 1660 1660 1660 1660 1660 1660 1660 1660 1660 1660 1660
22 151 337 164 416 1439 709 613 1197 1330 726 941 1620 454 924 1563 1660 1660 1660 1660
1122 436 1190 1360 1075 1076 1561 360 60 468 601 760 613 1029 1197 10 1472 726 1660 1660
314 1552 150 1586 720 1197 437 1563 1660 1660 1660 1660 1660 1660 1660 1660 1660 1660 1660 1660
497 1108 1643 1660 1660 1660 1660 1660 1660 1660 1660 1660 1660 1660 1660 1660 1660 1660 1660 1660
314 1552 1190 1638 115 1660 1660 1660 1660 1660 1660 1660 1660 1660 1660 1660 1660 1660 1660 1660
880 436 601 10 1568 1660 1660 1660 1660 1660 1660 1660 1660 1660 1660 1660 1660 1660 1660 1660
42 72 754 1194 552 687 601 437 1106 372 601 205 1075 613 134 601 1463 15 943 826
314 63 1197 1531 1391 1563 52 1574 754 414 1197 1047 437 1636 178 1299 1340 1658 803 800
314 306 1620 1385 1620 178 75 1197 1227 862 854 770 1660 1660 1660 1660 1660 1660 1660 1660
1606 178 880 436 601 1 1294 1197 776 417 601 10 205 789 1441 416 399 1331 1563 904
314 1552 1197 1218 720 1263 422 1197 1227 601 613 1164 1563 1536 337 800 726 1660 1660 1660
1404 436 1197 1567 1572 88 720 1197 290 943 380 436 1537 1197 69 753 1660 1660 1660 1660
245 1197 95 209 720 1197 437 1075 73 303 1643 1537 1315 666 416 1197 709 1075 1652 874
1103 436 337 1197 1193 720 601 208 317 352 1075 468 150 921 971 1354 303 854 1075 613
314 109 1190 957 1537 1519 1197 76 753 1563 1660 1660 1660 1660 1660 1660 1660 1660 1660 1660
1220 1038 2 1322 928 437 1076 1552 754 598 726 2 1088 611 337 1197 88 2 1322 726
707 652 637 1106 1224 652 825 1106 707 652 712 1109 178 169 1060 652 1298 1106 546 726
314 1532 1603 1109 178 791 1537 701 1537 1660 1660 1660 1660 1660 1660 1660 1660 1660 1660 1660
314 1566 42 210 1537 1535 1537 1197 69 753 1563 172 1404 1197 1108 463 1227 1660 1660 1660
178 1109 585 601 1588 1075 1190 1040 1109 629 381 726 178 278 735 943 1197 1586 698 1552
314 1552 1197 205 178 1555 1340 26 1429 416 1190 1273 1660 1660 1660 1660 1660 1660 1660 1660
988 1552 601 123 698 1563 1660 1660 1660 1660 1660 1660 1660 1660 1660 1660 1660 1660 1660 1660
314 1563 333 1563 1478 834 946 1106 1563 1660 1660 1660 1660 1660 1660 1660 1660 1660 1660 1660
712 111 1552 1197 437 207 1301 486 1416 486 1416 1336 1660 1660 1660 1660 1660 1660 1660 1660
995 675 613 995 1012 1106 1460 1059 1106 880 436 1190 1167 1660 1660 1660 1660 1660 1660 1660
1404 436 1503 178 1299 1340 934 1537 1404 436 1660 1660 1660 1660 1660 1660 1660 1660 1660 1660
481 1197 1108 437 126 645 1075 1555 178 771 1197 733 1563 1660 1660 1660 1660 1660 1660 1660
712 752 1227 1109 416 1197 205 178 1493 754 1601 1660 1660 1660 1660 1660 1660 1660 1660 1660
880 436 601 1 687 601 83 468 601 853 437 1328 928 1255 726 1660 1660 1660 1660 1660
227 436 1197 88 56 416 1197 1108 672 1660 1660 1660 1660 1660 1660 1660 1660 1660 1660 1660
1460 1197 1366 800 1354 1340 1105 1197 437 726 601 437 943 1624 468 532 466 532 726 314
314 1552 1197 65 205 943 835 277 1197 10 437 904 416 1197 1108 255 1563 1660 1660 1660
1491 629 786 1197 592 726 1423 184 436 1423 280 178 880 1197 10 1537 1297 726 134 436
1332 1197 437 879 65 1660 1660 1660 1660 1660 1660 1660 1660 1660 1660 1660 1660 1660 1660 1660
917 436 1657 1112 473 1660 1660 1660 1660 1660 1660 1660 1660 1660 1660 1660 1660 1660 1660 1660
1385 611 1197 437 1076 874 924 0 1660 1660 1660 1660 1660 1660 1660 1660 1660 1660 1660 1660
1546 1197 437 486 32 303 30 1643 416 1620 361 1660 1660 1660 1660 1660 1660 1660 1660 1660
606 1197 1411 1643 416 1197 437 726 1660 1660 1660 1660 1660 1660 1660 1660 1660 1660 1660 1660
748 1450 169 754 781 823 726 1660 1660 1660 1660 1660 1660 1660 1660 1660 1660 1660 1660 1660
1563 1660 1660 1660 1660 1660 1660 1660 1660 1660 1660 1660 1660 1660 1660 1660 1660 1660 1660 1660
1555 178 64 481 1197 1217 127 52 857 985 1563 1660 1660 1660 1660 1660 1660 1660 1660 1660
314 1552 135 468 1197 1472 1180 1531 1531 428 1660 1660 1660 1660 1660 1660 1660 1660 1660 1660
42 1545 824 1537 350 1197 437 726 314 1552 1197 437 1563 1660 1660 1660 1660 1660 1660 1660
781 52 290 416 601 672 652 1517 834 1241 1106 1031 250 1560 1533 1313 652 38 475 207
1084 652 22 697 1190 41 468 924 121 303 255 726 1660 1660 1660 1660 1660 1660 1660 1660
567 601 1103 720 337 186 1059 726 1294 1197 437 306 414 1075 668 134 1197 255 1307 601
1220 1038 2 1322 928 437 1076 1552 754 598 726 2 1175 611 1197 1108 1604 88 726 1224
880 436 314 178 1109 1340 68 1537 468 226 483 190 337 1660 1660 1660 1660 1660 1660 1660
314 1552 1197 255 416 1197 1142 996 720 1197 10 1563 1660 1660 1660 1660 1660 1660 1660 1660
314 1345 1163 486 217 953 1660 1660 1660 1660 1660 1660 1660 1660 1660 1660 1660 1660 1660 1660
314 481 178 1649 1620 468 150 490 121 303 557 720 1227 1075 223 1105 1620 1484 1660 1660
1454 1551 1660 1660 1660 1660 1660 1660 1660 1660 1660 1660 1660 1660 1660 1660 1660 1660 1660 1660
134 611 1197 567 205 223 673 969 1197 567 205 1660 1660 1660 1660 1660 1660 1660 1660 1660
994 284 1252 1563 22 698 468 924 121 1197 88 1660 1660 1660 1660 1660 1660 1660 1660 1660
42 578 740 729 414 601 1452 416 182 823 1660 1660 1660 1660 1660 1660 1660 1660 1660 1660
314 1552 113 277 1197 1472 521 1532 856 652 207 1660 1660 1660 1660 1660 1660 1660 1660 1660
1632 1197 1330 720 1197 10 437 613 1546 416 801 287 1660 1660 1660 1660 1660 1660 1660 1660
314 1552 1197 383 1537 1567 205 416 1197 672 720 1190 1059 726 1660 1660 1660 1660 1660 1660
178 454 601 1138 720 1025 1232 1075 725 726 1109 1636 1025 303 1552 1375 468 1197 255 720
314 1552 150 1052 726 1404 436 150 921 1102 1190 205 1660 1660 1660 1660 1660 1660 1660 1660
134 601 1103 720 1197 1227 416 601 1025 205 178 1036 1075 854 415 366 726 843 1566 337
42 8 667 563 622 1660 1660 1660 1660 1660 1660 1660 1660 1660 1660 1660 1660 1660 1660 1660
42 578 1620 109 1126 1660 1660 1660 1660 1660 1660 1660 1660 1660 1660 1660 1660 1660 1660 1660
1404 436 601 1312 1294 1197 437 1552 1197 698 726 227 436 1197 698 1537 1197 1312 726 712
507 1660 1660 1660 1660 1660 1660 1660 1660 1660 1660 1660 1660 1660 1660 1660 1660 1660 1660 1660
57 1197 698 1660 1660 1660 1660 1660 1660 1660 1660 1660 1660 1660 1660 1660 1660 1660 1660 1660
1286 134 314 178 1608 1537 1194 416 470 247 726 52 1259 1546 1190 1655 726 22 1404 436
751 29 1532 822 978 521 1532 856 652 207 978 675 1563 42 168 1413 594 726 1660 1660
1323 1660 1660 1660 1660 1660 1660 1660 1660 1660 1660 1660 1660 1660 1660 1660 1660 1660 1660 1660
880 436 601 1 720 1197 1209 720 1627 1222 1532 1603 726 1197 1108 1222 1552 1575 1069 613
1404 436 601 760 1660 1660 1660 1660 1660 1660 1660 1660 1660 1660 1660 1660 1660 1660 1660 1660
1197 437 1552 514 1340 601 437 1075 1636 178 1555 1122 1620 726 1660 1660 1660 1660 1660 1660
1460 186 1059 726 169 1067 1110 42 1194 726 178 1036 178 1109 123 1636 169 1340 122 954
314 109 1197 70 1660 1660 1660 1660 1660 1660 1660 1660 1660 1660 1660 1660 1660 1660 1660 1660
314 1010 1294 178 1648 1456 169 1340 1650 1348 1563 1660 1660 1660 1660 1660 1660 1660 1660 1660
562 601 1537 414 1197 755 287 416 1401 652 1199 245 1197 755 287 416 1056 1401 1075 1076
1109 178 889 468 1197 1085 685 532 1197 1021 532 1563 1555 178 1520 1620 1537 436 1563 1398
647 803 1492 1059 726 941 1197 437 1650 1348 1563 52 941 1340 616 42 1532 1496 301 1537
712 752 1227 1660 1660 1660 1660 1660 1660 1660 1660 1660 1660 1660 1660 1660 1660 1660 1660 1660
941 1197 437 1506 392 1660 1660 1660 1660 1660 1660 1660 1660 1660 1660 1660 1660 1660 1660 1660
314 109 1190 838 205 1563 1660 1660 1660 1660 1660 1660 1660 1660 1660 1660 1660 1660 1660 1660
1598 1288 420 308 1159 1498 1660 1660 1660 1660 1660 1660 1660 1660 1660 1660 1660 1660 1660 1660
314 1552 1197 698 1537 1190 804 687 314 1197 437 1552 1563 1660 1660 1660 1660 1660 1660 1660
169 178 454 1197 205 532 1240 834 1241 1106 1031 250 1560 532 416 1190 1059 1563 1660 1660
169 178 1036 1197 191 720 1184 1563 314 1552 1197 984 205 1563 1660 1660 1660 1660 1660 1660
1555 178 431 1197 567 468 601 1241 121 360 1142 1660 1660 1660 1660 1660 1660 1660 1660 1660
944 1206 699 437 1582 1302 1563 1660 1660 1660 1660 1660 1660 1660 1660 1660 1660 1660 1660 1660
885 1106 22 1075 26 1197 437 1106 1660 1660 1660 1660 1660 1660 1660 1660 1660 1660 1660 1660
430 1556 1061 528 179 726 975 1544 438 1644 895 1005 438 1641 1007 726 1660 1660 1660 1660
1110 1190 269 1176 1075 1555 178 22 1650 1412 601 563 1075 1612 958 384 1328 1190 451 958
355 1109 794 908 486 150 1600 858 1075 223 1430 1062 1620 611 1075 1404 436 1441 1075 1452
33 866 1190 1461 726 1197 1182 1472 1075 468 601 222 121 1197 88 1552 1660 1660 1660 1660
134 576 862 1197 1503 178 1109 1340 934 1537 1601 1660 1660 1660 1660 1660 1660 1660 1660 1660
42 134 601 386 726 601 986 1552 1049 437 726 1555 178 1404 436 1197 239 720 1371 88
207 1660 1660 1660 1660 1660 1660 1660 1660 1660 1660 1660 1660 1660 1660 1660 1660 1660 1660 1660
880 436 1190 1059 1660 1660 1660 1660 1660 1660 1660 1660 1660 1660 1660 1660 1660 1660 1660 1660
314 306 178 440 1190 351 481 1620 126 601 247 943 1445 1660 1660 1660 1660 1660 1660 1660
958 416 103 652 1660 1660 1660 1660 1660 1660 1660 1660 1660 1660 1660 1660 1660 1660 1660 1660
263 1450 613 743 1231 182 1660 1660 1660 1660 1660 1660 1660 1660 1660 1660 1660 1660 1660 1660
314 109 1197 604 468 1197 271 1443 121 303 255 1075 613 223 1102 1197 858 1396 613 468
1385 601 205 1197 10 854 196 1660 1660 1660 1660 1660 1660 1660 1660 1660 1660 1660 1660 1660
178 880 436 601 205 416 1018 247 613 1332 1620 879 65 1660 1660 1660 1660 1660 1660 1660
481 178 758 633 178 1299 687 1537 1122 1197 10 355 1299 149 1354 1075 172 772 613 134
120 1537 753 759 1660 1660 1660 1660 1660 1660 1660 1660 1660 1660 1660 1660 1660 1660 1660 1660
647 337 186 1059 726 1620 1552 640 364 1537 385 337 142 1110 601 959 119 720 30 1227
151 1197 287 326 52 804 1075 491 601 987 121 303 255 726 1660 1660 1660 1660 1660 1660
1552 532 1285 763 532 1197 437 1563 904 698 444 1455 226 726 1652 314 1197 1070 1552 1620
42 702 601 587 1075 12 613 1225 1075 742 277 526 1075 1522 109 67 1354 1351 726 846
458 1197 1152 726 1197 256 262 1537 1036 1197 437 1076 777 1197 1567 1627 1227 135 726 1224
206 1197 437 782 726 169 754 1122 1620 1537 436 726 1660 1660 1660 1660 1660 1660 1660 1660
123 1197 785 532 740 109 601 899 1241 1106 1031 250 1560 1533 1313 652 38 475 207 1563
885 1224 1075 1109 178 791 1537 1385 999 883 196 1563 1660 1660 1660 1660 1660 1660 1660 1660
825 1075 1555 178 1404 436 1197 437 22 1563 1660 1660 1660 1660 1660 1660 1660 1660 1660 1660
1314 1464 1660 1660 1660 1660 1660 1660 1660 1660 1660 1660 1660 1660 1660 1660 1660 1660 1660 1660
437 1660 1660 1660 1660 1660 1660 1660 1660 1660 1660 1660 1660 1660 1660 1660 1660 1660 1660 1660
407 1197 411 1059 14 1537 178 726 1660 1660 1660 1660 1660 1660 1660 1660 1660 1660 1660 1660
1652 178 1555 880 436 1197 10 437 1660 1660 1660 1660 1660 1660 1660 1660 1660 1660 1660 1660
880 436 1197 1330 720 1197 990 439 190 753 1078 1660 1660 1660 1660 1660 1660 1660 1660 1660
544 169 1197 1085 1075 1197 819 1552 1197 854 469 1650 601 591 437 1537 601 39 854 1660
42 1608 1537 414 601 816 1463 403 726 227 436 601 1463 15 943 1019 1197 1108 1141 1227
1197 10 437 1552 368 726 169 1340 880 1329 1197 437 499 803 274 726 1197 10 437 1552
1259 178 710 1197 437 1563 1660 1660 1660 1660 1660 1660 1660 1660 1660 1660 1660 1660 1660 1660
825 1660 1660 1660 1660 1660 1660 1660 1660 1660 1660 1660 1660 1660 1660 1660 1660 1660 1660 1660
1398 109 98 264 153 726 941 1197 437 454 1197 205 811 416 1620 1563 1660 1660 1660 1660
712 702 42 934 1537 771 481 178 1109 1340 1361 190 337 1563 1660 1660 1660 1660 1660 1660
707 652 314 1109 1197 1108 1141 774 178 1228 938 1563 1224 652 1620 1574 754 1650 461 1348
1460 337 518 14 1059 726 169 1340 849 803 844 283 1328 541 842 726 382 303 205 416
1137 740 1106 42 1608 178 1537 1036 943 997 481 178 1650 601 532 691 532 42 1545 1089
178 653 42 721 1660 1660 1660 1660 1660 1660 1660 1660 1660 1660 1660 1660 1660 1660 1660 1660
1385 1620 611 1197 929 1660 1660 1660 1660 1660 1660 1660 1660 1660 1660 1660 1660 1660 1660 1660
1106 1563 535 834 387 1563 1625 1660 1660 1660 1660 1660 1660 1660 1660 1660 1660 1660 1660 1660
42 702 301 1537 206 10 1480 726 42 8 178 1537 185 1197 755 10 652 1660 1660 1660
314 1552 1197 321 1563 1660 1660 1660 1660 1660 1660 1660 1660 1660 1660 1660 1660 1660 1660 1660
880 436 601 205 1075 1477 190 9 463 88 468 1197 205 178 1555 1340 880 436 1075 941
885 726 314 1552 1190 239 1563 1354 360 958 178 1343 1075 481 1197 1381 205 720 1197 437
314 941 940 616 416 65 1660 1660 1660 1660 1660 1660 1660 1660 1660 1660 1660 1660 1660 1660
423 601 534 1 726 416 52 1 178 454 569 1075 601 1407 469 1555 1340 1385 1197 1643
223 405 436 1197 437 1075 1555 178 880 436 552 1563 1660 1660 1660 1660 1660 1660 1660 1660
1261 888 371 1100 1081 1660 1660 1660 1660 1660 1660 1660 1660 1660 1660 1660 1660 1660 1660 1660
1385 436 1190 10 726 1660 1660 1660 1660 1660 1660 1660 1660 1660 1660 1660 1660 1660 1660 1660
1108 255 1660 1660 1660 1660 1660 1660 1660 1660 1660 1660 1660 1660 1660 1660 1660 1660 1660 1660
880 436 1214 567 1660 1660 1660 1660 1660 1660 1660 1660 1660 1660 1660 1660 1660 1660 1660 1660
1197 186 1059 1109 642 726 22 1179 613 26 1660 1660 1660 1660 1660 1660 1660 1660 1660 1660
1620 1552 517 10 416 182 479 1075 42 702 1266 633 178 1660 1660 1660 1660 1660 1660 1660
314 306 1197 764 720 1197 755 620 572 414 1563 178 1555 372 601 205 1537 781 1110 1197
22 880 436 1190 1108 1134 672 1434 486 601 1185 1660 1660 1660 1660 1660 1660 1660 1660 1660
151 337 314 42 1071 1075 1076 468 904 1197 733 209 720 1197 437 1660 1660 1660 1660 1660
314 1552 1190 441 1660 1660 1660 1660 1660 1660 1660 1660 1660 1660 1660 1660 1660 1660 1660 1660
698 416 511 1075 223 295 1455 1395 410 726 134 1197 88 720 1197 359 205 1110 601 1004
740 109 601 1452 416 1197 823 726 314 1109 1197 678 728 1563 172 880 436 1197 88 1660
314 437 1563 1660 1660 1660 1660 1660 1660 1660 1660 1660 1660 1660 1660 1660 1660 1660 1660 1660
1552 1197 956 174 956 1660 1660 1660 1660 1660 1660 1660 1660 1660 1660 1660 1660 1660 1660 1660
314 1114 169 178 1196 1563 1660 1660 1660 1660 1660 1660 1660 1660 1660 1660 1660 1660 1660 1660
42 454 813 1267 1055 486 601 354 1251 1455 1317 943 178 1041 26 1197 437 1660 1660 1660
42 8 178 1537 474 1197 287 416 1190 1273 1237 10 437 613 61 943 879 1190 69 1350
712 111 1552 1197 437 1660 1660 1660 1660 1660 1660 1660 1660 1660 1660 1660 1660 1660 1660 1660
787 1384 1660 1660 1660 1660 1660 1660 1660 1660 1660 1660 1660 1660 1660 1660 1660 1660 1660 1660
314 169 178 1036 687 1197 437 1563 469 291 1620 1537 178 1563 1552 1620 601 889 276 1537
178 1041 880 436 1197 437 1455 1444 42 1259 402 1660 1660 1660 1660 1660 1660 1660 1660 1660
1385 1197 1472 978 1197 437 651 1660 1660 1660 1660 1660 1660 1660 1660 1660 1660 1660 1660 1660
363 355 1109 416 601 1365 1057 1294 1222 886 722 1535 1537 372 150 1277 1033 1537 120 1537
151 943 196 1660 1660 1660 1660 1660 1660 1660 1660 1660 1660 1660 1660 1660 1660 1660 1660 1660
561 1106 51 149 1354 1197 437 1660 1660 1660 1660 1660 1660 1660 1660 1660 1660 1660 1660 1660
134 601 511 1 687 1491 613 1297 1294 843 448 463 1441 687 1197 698 1537 1197 114 1660
172 1122 1620 1660 1660 1660 1660 1660 1660 1660 1660 1660 1660 1660 1660 1660 1660 1660 1660 1660
169 754 880 436 1197 437 532 1460 943 613 880 436 1620 861 532 1660 1660 1660 1660 1660
314 1552 1197 10 247 1563 22 1405 1110 150 119 1076 1008 1197 1108 1643 468 1335 896 1532
42 169 754 1036 943 1244 583 314 1552 704 1163 685 1563 1660 1660 1660 1660 1660 1660 1660
751 1552 521 1532 856 135 1660 1660 1660 1660 1660 1660 1660 1660 1660 1660 1660 1660 1660 1660
1555 178 22 706 436 1197 437 726 178 1555 229 216 1620 1660 1660 1660 1660 1660 1660 1660
1446 120 1328 1660 1660 1660 1660 1660 1660 1660 1660 1660 1660 1660 1660 1660 1660 1660 1660 1660
469 126 624 1532 1603 609 1563 1660 1660 1660 1660 1660 1660 1660 1660 1660 1660 1660 1660 1660
578 1416 486 1416 726 562 904 1197 802 1125 726 134 601 205 1354 303 255 416 943 205
134 150 1052 1568 687 1197 1227 720 1197 10 247 1075 731 1420 1197 437 1075 1368 52 839
712 1552 52 818 1563 428 1660 1660 1660 1660 1660 1660 1660 1660 1660 1660 1660 1660 1660 1660
146 1660 1660 1660 1660 1660 1660 1660 1660 1660 1660 1660 1660 1660 1660 1660 1660 1660 1660 1660
234 1190 39 1059 416 959 703 1075 1025 1507 1041 414 16 1110 1208 720 1227 1075 1354 921
223 1105 1197 437 1075 1555 178 58 1197 1108 1344 1643 223 769 613 924 1660 1660 1660 1660
1404 622 687 437 1660 1660 1660 1660 1660 1660 1660 1660 1660 1660 1660 1660 1660 1660 1660 1660
1512 42 781 1240 1643 668 1108 790 416 774 726 585 606 178 1109 182 1318 314 629 134
880 436 369 1087 887 687 1197 186 1655 613 1315 191 223 1311 1620 1660 1660 1660 1660 1660
882 1197 10 437 1537 1550 1660 1660 1660 1660 1660 1660 1660 1660 1660 1660 1660 1660 1660 1660
1555 178 494 313 720 1190 1360 601 1569 153 1537 550 687 163 1563 1660 1660 1660 1660 1660
22 134 601 1568 1102 1197 437 1660 1660 1660 1660 1660 1660 1660 1660 1660 1660 1660 1660 1660
1555 178 1332 1197 755 1537 1270 613 698 1620 1563 532 314 1552 1197 191 720 1197 205 289
1393 1288 420 1660 1660 1660 1660 1660 1660 1660 1660 1660 1660 1660 1660 1660 1660 1660 1660 1660
169 178 1036 1197 437 1660 1660 1660 1660 1660 1660 1660 1660 1660 1660 1660 1660 1660 1660 1660
712 306 178 445 1210 1537 550 178 153 1597 1563 1660 1660 1660 1660 1660 1660 1660 1660 1660
134 601 1 1294 1197 967 1600 1334 1539 1197 1472 178 1299 1571 879 967 898 613 1121 303
941 1197 10 1472 549 468 150 1504 324 1660 1660 1660 1660 1660 1660 1660 1660 1660 1660 1660
481 1197 707 309 687 1265 1075 178 797 668 1405 468 532 42 1555 880 178 1197 1265 1075
314 1022 1190 437 1660 1660 1660 1660 1660 1660 1660 1660 1660 1660 1660 1660 1660 1660 1660 1660
169 1340 1601 1075 880 436 1197 563 437 1660 1660 1660 1660 1660 1660 1660 1660 1660 1660 1660
941 1197 437 454 1576 1227 1660 1660 1660 1660 1660 1660 1660 1660 1660 1660 1660 1660 1660 1660
296 1660 1660 1660 1660 1660 1660 1660 1660 1660 1660 1660 1660 1660 1660 1660 1660 1660 1660 1660
712 169 178 413 1197 755 652 1066 1403 1660 1660 1660 1660 1660 1660 1660 1660 1660 1660 1660
337 1487 736 1109 585 1045 726 314 1552 1197 437 1563 1660 1660 1660 1660 1660 1660 1660 1660
712 752 515 941 1197 437 454 1660 1660 1660 1660 1660 1660 1660 1660 1660 1660 1660 1660 1660
1197 807 1059 1579 601 1257 726 1333 337 807 1059 726 1333 337 807 1059 726 1333 337 807
1332 1354 436 52 1110 1552 1660 1660 1660 1660 1660 1660 1660 1660 1660 1660 1660 1660 1660 1660
42 1036 1197 437 127 271 1660 1660 1660 1660 1660 1660 1660 1660 1660 1660 1660 1660 1660 1660
1190 186 1059 1109 135 1075 169 1340 954 567 205 1075 134 611 567 205 468 500 121 88
134 436 601 1568 1437 337 88 720 1620 416 143 613 720 1197 1099 1656 22 726 1660 1660
712 169 42 1535 1197 437 1537 1553 1537 1197 69 753 1563 1660 1660 1660 1660 1660 1660 1660
880 436 1197 437 416 229 1660 1660 1660 1660 1660 1660 1660 1660 1660 1660 1660 1660 1660 1660
1552 645 1552 1190 437 1563 1660 1660 1660 1660 1660 1660 1660 1660 1660 1660 1660 1660 1660 1660
941 1197 437 454 552 1537 169 468 612 763 1563 1660 1660 1660 1660 1660 1660 1660 1660 1660
1555 178 1404 436 601 1103 720 774 1294 303 205 1552 601 1643 720 1197 709 726 1660 1660
1404 436 601 141 1660 1660 1660 1660 1660 1660 1660 1660 1660 1660 1660 1660 1660 1660 1660 1660
42 169 754 1608 1537 1036 687 1197 10 437 726 42 1545 1340 1417 687 1197 10 437 726
320 1197 1567 1344 88 720 1190 1108 672 74 486 987 1660 1660 1660 1660 1660 1660 1660 1660
1404 436 601 1312 943 1207 1537 1197 437 1660 1660 1660 1660 1660 1660 1660 1660 1660 1660 1660
169 754 122 954 1190 1350 613 880 436 314 1197 437 1552 1660 1660 1660 1660 1660 1660 1660
1555 178 22 935 26 1197 1092 720 186 1655 1563 1660 1660 1660 1660 1660 1660 1660 1660 1660
314 1552 1197 733 255 720 1197 437 1563 1660 1660 1660 1660 1660 1660 1660 1660 1660 1660 1660
1341 1109 1495 563 484 468 601 1000 831 255 720 1197 604 652 1660 1660 1660 1660 1660 1660
1552 52 1197 437 1076 196 1563 1106 1563 535 834 406 1563 1616 1660 1660 1660 1660 1660 1660
22 558 1197 755 247 1075 613 494 1197 764 726 59 532 1560 250 38 532 744 207 316
1398 109 98 601 205 258 1085 1106 42 104 1194 601 205 1075 613 178 701 468 1197 1108
943 126 601 1640 1660 1660 1660 1660 1660 1660 1660 1660 1660 1660 1660 1660 1660 1660 1660 1660
22 169 1340 705 1197 437 416 1190 698 726 314 126 1190 1567 698 1563 1660 1660 1660 1660
134 150 1052 1568 1102 1197 1227 720 1197 1173 1660 1660 1660 1660 1660 1660 1660 1660 1660 1660
1372 583 407 1197 287 164 1197 366 468 1197 601 1234 121 360 255 1075 1076 1332 1620 1537
1404 1620 1537 436 416 801 726 169 754 880 436 314 178 1299 1340 934 1537 1122 726 1660
314 515 1109 416 1197 437 1563 1660 1660 1660 1660 1660 1660 1660 1660 1660 1660 1660 1660 1660
1456 1013 1109 178 1563 1660 1660 1660 1660 1660 1660 1660 1660 1660 1660 1660 1660 1660 1660 1660
42 1532 1496 301 1537 1577 182 1260 1076 42 454 1537 210 416 601 205 726 314 205 1566
407 337 1076 1567 793 720 1197 1503 178 1109 1340 934 1537 13 687 1660 1660 1660 1660 1660
314 306 414 1197 437 1075 481 303 1643 720 1197 123 437 1552 74 486 601 222 1563 1660
1552 1620 1197 239 720 601 1242 632 468 601 1072 1563 1660 1660 1660 1660 1660 1660 1660 1660
134 1197 437 196 1660 1660 1660 1660 1660 1660 1660 1660 1660 1660 1660 1660 1660 1660 1660 1660
1342 1436 1660 1660 1660 1660 1660 1660 1660 1660 1660 1660 1660 1660 1660 1660 1660 1660 1660 1660
1109 740 803 1025 88 416 1197 1472 1660 1660 1660 1660 1660 1660 1660 1660 1660 1660 1660 1660
1137 373 22 1404 436 1197 437 1106 1660 1660 1660 1660 1660 1660 1660 1660 1660 1660 1660 1660
1606 178 880 436 1197 88 613 1620 109 1142 1328 1197 1503 178 1596 1563 1660 1660 1660 1660
42 702 1197 602 720 1197 437 613 702 732 1537 1036 1620 726 1468 436 1197 437 613 601
1404 436 622 1537 567 1197 650 1141 1660 1660 1660 1660 1660 1660 1660 1660 1660 1660 1660 1660
10 437 1660 1660 1660 1660 1660 1660 1660 1660 1660 1660 1660 1660 1660 1660 1660 1660 1660 1660
314 306 1197 764 540 633 481 178 1659 52 859 1110 532 1140 532 1563 532 1609 1463 1615
1612 178 169 754 454 1537 1509 1190 1350 1660 1660 1660 1660 1660 1660 1660 1660 1660 1660 1660
314 1552 1197 1418 720 1227 1563 1479 1197 1227 223 222 1455 1185 1660 1660 1660 1660 1660 1660
481 1190 670 1552 1537 948 436 1075 1652 178 1566 656 1340 1537 527 52 670 613 178 1566
22 494 1059 687 1366 1660 1660 1660 1660 1660 1660 1660 1660 1660 1660 1660 1660 1660 1660 1660
22 1404 436 1227 1340 1197 774 1660 1660 1660 1660 1660 1660 1660 1660 1660 1660 1660 1660 1660
740 1552 601 821 720 644 1456 1259 166 436 1537 69 753 726 1552 1620 150 1271 1455 997
1385 1197 437 854 1643 190 601 1516 1660 1660 1660 1660 1660 1660 1660 1660 1660 1660 1660 1660
1555 178 227 436 1239 921 201 1563 42 1532 1496 301 1537 681 601 563 496 416 182 595
1555 178 1404 436 1197 437 481 178 1579 68 613 42 702 732 30 1660 1660 1660 1660 1660
22 169 754 880 436 1197 437 1660 1660 1660 1660 1660 1660 1660 1660 1660 1660 1660 1660 1660
220 1190 1350 468 1212 1630 1212 316 658 1048 1531 22 627 416 1197 1426 164 726 414 598
178 1109 601 1463 108 366 726 178 1041 1536 1197 755 800 652 1443 726 1197 1498 1097 1552
1197 437 1552 1281 10 1480 726 1552 943 123 1563 1660 1660 1660 1660 1660 1660 1660 1660 1660
1102 1197 1227 720 1197 437 1110 897 720 1197 88 1075 880 601 1 687 323 726 1660 1660
716 1197 1472 879 30 88 726 1652 1075 223 1105 552 10 1075 880 436 303 720 570 88
117 1620 1493 754 414 1016 1110 601 1122 652 314 1552 1197 774 42 1566 210 416 1197 1482
1194 532 1133 532 1660 1660 1660 1660 1660 1660 1660 1660 1660 1660 1660 1660 1660 1660 1660 1660
314 1109 1197 88 1075 169 1340 1122 1197 205 20 1660 1660 1660 1660 1660 1660 1660 1660 1660
407 337 1197 173 109 1643 416 1197 1030 366 207 947 924 1336 1660 1660 1660 1660 1660 1660
314 941 1224 616 1563 1660 1660 1660 1660 1660 1660 1660 1660 1660 1660 1660 1660 1660 1660 1660
1552 443 207 726 652 1552 1197 123 698 1563 828 1532 822 237 1075 614 1620 1552 1340 1602
314 1331 484 1109 178 1102 416 1190 1331 1584 178 1299 23 1563 1660 1660 1660 1660 1660 1660
941 1197 567 1293 515 1563 1660 1660 1660 1660 1660 1660 1660 1660 1660 1660 1660 1660 1660 1660
145 1563 1478 834 193 1660 1660 1660 1660 1660 1660 1660 1660 1660 1660 1660 1660 1660 1660 1660
178 1109 189 601 563 832 1060 726 1197 1453 1293 955 1427 18 355 56 1537 1036 726 1620
314 109 532 1197 847 62 532 687 1563 1660 1660 1660 1660 1660 1660 1660 1660 1660 1660 1660
134 611 1197 1108 366 468 303 1643 1328 601 563 366 613 1328 943 366 1620 1552 970 486
1109 740 803 228 416 1197 1103 1563 1660 1660 1660 1660 1660 1660 1660 1660 1660 1660 1660 1660
627 416 1197 365 652 1307 42 702 1224 1075 613 42 1555 1340 627 416 1197 408 1354 178
1103 1197 1488 88 613 416 1456 635 1109 303 1660 1660 1660 1660 1660 1660 1660 1660 1660 1660
134 1197 1292 205 416 1511 1660 1660 1660 1660 1660 1660 1660 1660 1660 1660 1660 1660 1660 1660
314 1552 1620 943 178 1109 334 277 1105 1563 1660 1660 1660 1660 1660 1660 1660 1660 1660 1660
26 1197 733 1141 88 1434 486 601 563 366 1660 1660 1660 1660 1660 1660 1660 1660 1660 1660
481 42 454 337 1227 1605 725 388 1075 942 1075 286 1075 1592 1075 1240 1075 686 1075 42
314 109 1355 720 1197 437 1660 1660 1660 1660 1660 1660 1660 1660 1660 1660 1660 1660 1660 1660
314 1555 1532 822 178 169 1563 1660 1660 1660 1660 1660 1660 1660 1660 1660 1660 1660 1660 1660
22 1518 1525 588 1660 1660 1660 1660 1660 1660 1660 1660 1660 1660 1660 1660 1660 1660 1660 1660
178 1109 601 1647 416 281 720 601 1594 1023 726 178 698 904 1537 1197 487 720 424 1075
1655 277 1140 652 369 1565 1084 347 726 22 1134 1197 123 1084 41 416 143 1537 356 726
788 264 1227 1660 1660 1660 1660 1660 1660 1660 1660 1660 1660 1660 1660 1660 1660 1660 1660 1660
712 752 1227 941 1197 302 205 454 1563 1660 1660 1660 1660 1660 1660 1660 1660 1660 1660 1660
1137 314 1552 1197 1001 1660 1660 1660 1660 1660 1660 1660 1660 1660 1660 1660 1660 1660 1660 1660
1197 437 1552 642 1660 1660 1660 1660 1660 1660 1660 1660 1660 1660 1660 1660 1660 1660 1660 1660
740 109 601 1452 416 1197 823 1660 1660 1660 1660 1660 1660 1660 1660 1660 1660 1660 1660 1660
42 1545 1340 301 1537 1257 178 726 178 1109 68 1537 1601 1197 437 726 712 111 1552 1197
1197 10 437 1552 1340 1660 1660 1660 1660 1660 1660 1660 1660 1660 1660 1660 1660 1660 1660 1660
880 436 314 178 1555 687 1197 10 1660 1660 1660 1660 1660 1660 1660 1660 1660 1660 1660 1660
1332 52 652 679 261 183 972 1399 261 1107 679 130 972 542 1558 1166 1452 261 1107 679
1385 1197 437 1660 1660 1660 1660 1660 1660 1660 1660 1660 1660 1660 1660 1660 1660 1660 1660 1660
134 1197 205 468 601 583 121 303 255 613 549 1620 337 1412 468 1197 271 720 88 1660
314 1552 1197 792 1085 1660 1660 1660 1660 1660 1660 1660 1660 1660 1660 1660 1660 1660 1660 1660
1555 178 1404 436 601 622 486 412 150 1169 720 1197 205 532 1622 532 1563 1660 1660 1660
706 1197 437 1660 1660 1660 1660 1660 1660 1660 1660 1660 1660 1660 1660 1660 1660 1660 1660 1660
1404 436 601 622 1660 1660 1660 1660 1660 1660 1660 1660 1660 1660 1660 1660 1660 1660 1660 1660
880 436 314 1109 178 1397 1660 1660 1660 1660 1660 1660 1660 1660 1660 1660 1660 1660 1660 1660
740 109 1484 1563 1660 1660 1660 1660 1660 1660 1660 1660 1660 1660 1660 1660 1660 1660 1660 1660
1555 178 98 601 1085 1294 42 454 601 10 613 178 656 1537 1535 1197 10 277 436 1563
1404 436 1197 437 1455 1444 51 603 178 862 1660 1660 1660 1660 1660 1660 1660 1660 1660 1660
880 436 1197 10 644 1660 1660 1660 1660 1660 1660 1660 1660 1660 1660 1660 1660 1660 1660 1660
1555 178 227 436 712 1537 524 719 834 1241 1106 1031 250 1560 671 1313 652 38 475 207
151 1197 1055 164 726 698 416 197 709 1226 1660 1660 1660 1660 1660 1660 1660 1660 1660 1660
707 652 444 1075 42 1608 178 1537 1332 532 42 702 601 1130 1407 532 1537 669 1224 652
314 1109 178 1340 1324 1537 1122 1563 1660 1660 1660 1660 1660 1660 1660 1660 1660 1660 1660 1660
1606 178 880 436 1197 437 1636 943 42 1555 961 1197 1057 1563 1660 1660 1660 1660 1660 1660
178 454 96 766 726 579 178 1555 1340 698 182 804 1075 178 93 1344 766 726 481 178
314 306 1197 437 540 633 481 178 947 1197 1108 1643 277 1620 1563 169 754 134 1197 510
481 178 33 1404 436 1197 10 437 416 1197 352 720 1156 1075 42 1259 808 178 611 720
634 774 1537 1197 437 1552 1340 1105 1620 726 314 774 192 468 1197 437 1563 42 1259 1340
314 1109 1197 88 943 178 56 1328 1190 1108 672 1563 1103 163 854 415 366 1075 1008 924
314 941 145 1563 1478 834 193 1106 880 178 1563 1660 1660 1660 1660 1660 1660 1660 1660 1660
1197 437 1552 532 1269 398 428 532 1563 444 1455 226 1563 1660 1660 1660 1660 1660 1660 1660
1491 613 1554 1109 1627 88 416 922 1250 416 601 835 1057 726 1491 262 943 1423 1552 791
314 1552 645 1455 803 551 205 567 416 1660 1660 1660 1660 1660 1660 1660 1660 1660 1660 1660
134 601 205 416 1632 1660 1660 1660 1660 1660 1660 1660 1660 1660 1660 1660 1660 1660 1660 1660
712 1555 42 1607 52 1085 1660 1660 1660 1660 1660 1660 1660 1660 1660 1660 1660 1660 1660 1660
42 1545 601 150 1063 1075 1197 437 416 229 1660 1660 1660 1660 1660 1660 1660 1660 1660 1660
178 322 1660 1660 1660 1660 1660 1660 1660 1660 1660 1660 1660 1660 1660 1660 1660 1660 1660 1660
178 1109 934 1537 880 436 1197 437 1075 1076 564 360 601 468 601 869 1149 1660 1660 1660
134 1239 1463 1537 407 601 325 205 416 1377 1660 1660 1660 1660 1660 1660 1660 1660 1660 1660
3 308 1058 1660 1660 1660 1660 1660 1660 1660 1660 1660 1660 1660 1660 1660 1660 1660 1660 1660
880 436 601 205 943 1552 1340 601 1508 1075 1340 150 761 1075 1340 150 1203 1075 1552 1340
1497 1190 1350 468 725 1077 774 416 801 143 1076 468 601 926 121 303 1643 652 1552 205
6 1160 1075 976 1325 1521 434 1563 1660 1660 1660 1660 1660 1660 1660 1660 1660 1660 1660 1660
1197 538 720 601 10 437 1552 1537 206 1620 782 613 1032 726 22 1404 1620 1537 436 1075
1650 1620 667 863 468 150 683 248 1660 1660 1660 1660 1660 1660 1660 1660 1660 1660 1660 1660
880 436 10 437 1660 1660 1660 1660 1660 1660 1660 1660 1660 1660 1660 1660 1660 1660 1660 1660
681 601 1141 205 672 613 781 360 1643 720 1197 416 409 416 943 1312 585 1404 436 601
134 601 404 943 7 829 1197 359 205 1075 134 904 1197 764 416 1197 352 1327 532 1336
1404 436 601 1472 943 705 1197 929 1660 1660 1660 1660 1660 1660 1660 1660 1660 1660 1660 1660
314 1552 601 205 943 1624 468 1030 1643 1110 1197 1654 1563 1660 1660 1660 1660 1660 1660 1660
227 436 1197 359 1503 1660 1660 1660 1660 1660 1660 1660 1660 1660 1660 1660 1660 1660 1660 1660
1283 1288 420 1660 1660 1660 1660 1660 1660 1660 1660 1660 1660 1660 1660 1660 1660 1660 1660 1660
161 1552 1197 1108 209 416 801 1563 532 1660 1660 1660 1660 1660 1660 1660 1660 1660 1660 1660
880 436 687 1197 10 437 1660 1660 1660 1660 1660 1660 1660 1660 1660 1660 1660 1660 1660 1660
314 1552 1197 1567 812 1563 1660 1660 1660 1660 1660 1660 1660 1660 1660 1660 1660 1660 1660 1660
1566 1269 398 414 416 337 631 1455 172 1197 1108 1227 1660 1660 1660 1660 1660 1660 1660 1660
314 1074 8 1197 25 1563 1660 1660 1660 1660 1660 1660 1660 1660 1660 1660 1660 1660 1660 1660
1552 1620 1656 91 1660 1660 1660 1660 1660 1660 1660 1660 1660 1660 1660 1660 1660 1660 1660 1660
751 1606 1620 780 1366 1563 1660 1660 1660 1660 1660 1660 1660 1660 1660 1660 1660 1660 1660 1660
712 752 692 941 1197 271 659 727 416 1190 437 1660 1660 1660 1660 1660 1660 1660 1660 1660
22 494 1480 400 1197 66 1418 720 1190 1167 726 1385 1620 1660 1660 1660 1660 1660 1660 1660
681 1627 1208 1075 854 1437 337 1227 720 1197 709 613 854 1437 1227 1197 1428 1362 127 1075
647 337 186 1059 726 1620 1552 640 364 1537 385 337 142 1110 153 1075 633 1197 1085 845
880 436 1197 1227 720 1197 205 74 486 617 726 278 1404 1197 191 1102 1494 774 1660 1660
1555 178 26 1413 178 1036 687 513 1563 1660 1660 1660 1660 1660 1660 1660 1660 1660 1660 1660
1053 305 504 963 1086 601 1660 1660 1660 1660 1660 1660 1660 1660 1660 1660 1660 1660 1660 1660
314 1552 1197 661 254 1354 1197 903 1563 1660 1660 1660 1660 1660 1660 1660 1660 1660 1660 1660
42 550 1660 1660 1660 1660 1660 1660 1660 1660 1660 1660 1660 1660 1660 1660 1660 1660 1660 1660
57 1197 437 861 1660 1660 1660 1660 1660 1660 1660 1660 1660 1660 1660 1660 1660 1660 1660 1660
941 1620 454 302 88 416 1620 1563 1660 1660 1660 1660 1660 1660 1660 1660 1660 1660 1660 1660
227 436 1197 1014 1643 943 605 52 753 1660 1660 1660 1660 1660 1660 1660 1660 1660 1660 1660
169 754 880 436 1197 10 437 1075 172 880 436 1197 1567 1576 1227 720 1620 1660 1660 1660
315 1660 1660 1660 1660 1660 1660 1660 1660 1660 1660 1660 1660 1660 1660 1660 1660 1660 1660 1660
42 1545 554 508 288 1480 611 720 150 1222 1622 726 314 306 178 1195 42 550 1620 1563
33 880 436 1197 437 1075 1076 51 531 481 178 1579 1537 627 416 1197 621 393 1075 314
1555 178 706 1197 1282 613 267 720 1197 205 223 1311 1197 205 20 613 781 1620 416 601
706 1197 10 726 781 463 1337 726 169 226 1389 1620 726 1332 1620 1537 1510 1660 1660 1660
1196 904 65 1555 178 888 436 1535 974 720 683 1227 1563 532 601 388 942 286 1592 1240
712 1555 178 888 436 468 52 1349 1563 1660 1660 1660 1660 1660 1660 1660 1660 1660 1660 1660
613 314 687 52 1563 532 740 109 601 1240 834 1241 1560 1106 1031 250 1452 416 1197 1240
1294 1552 1197 1472 56 1660 1660 1660 1660 1660 1660 1660 1660 1660 1660 1660 1660 1660 1660 1660
205 196 613 196 1489 1660 1660 1660 1660 1660 1660 1660 1660 1660 1660 1660 1660 1660 1660 1660
611 720 1197 1295 1400 1563 1660 1660 1660 1660 1660 1660 1660 1660 1660 1660 1660 1660 1660 1660
1294 1109 178 1563 1660 1660 1660 1660 1660 1660 1660 1660 1660 1660 1660 1660 1660 1660 1660 1660
1552 532 942 532 613 733 1643 720 437 1380 1563 1660 1660 1660 1660 1660 1660 1660 1660 1660
34 116 623 1197 437 726 42 702 1197 1060 1063 613 1259 414 1310 1197 437 1354 178 891
42 8 1197 437 726 1620 109 601 1449 720 1386 1366 1660 1660 1660 1660 1660 1660 1660 1660
314 941 1197 437 871 1563 1660 1660 1660 1660 1660 1660 1660 1660 1660 1660 1660 1660 1660 1660
647 1075 943 178 1109 1340 68 1537 1122 1197 437 726 134 601 511 1 687 1491 613 1297
1555 178 134 436 601 1568 687 1190 1010 1660 1660 1660 1660 1660 1660 1660 1660 1660 1660 1660
563 1059 652 532 1505 532 1552 1259 414 56 1537 676 1537 601 205 943 1552 56 1537 1139
134 601 870 1076 1650 598 178 828 1532 822 874 552 687 1197 247 1660 1660 1660 1660 1660
182 239 1552 910 613 42 1545 1197 810 720 1197 1010 726 22 134 436 601 1204 687 182
880 436 601 1 687 1627 1181 554 601 966 687 887 843 212 1537 1601 468 1329 1444 1660
326 52 1655 1075 314 807 1055 454 178 522 14 1563 207 22 1008 1197 1643 601 468 601
50 1197 1280 1123 1537 1197 437 726 904 407 1197 1218 726 1660 1660 1660 1660 1660 1660 1660
229 216 1197 958 22 1660 1660 1660 1660 1660 1660 1660 1660 1660 1660 1660 1660 1660 1660 1660
1552 1197 129 1197 1338 1523 652 207 1563 1660 1660 1660 1660 1660 1660 1660 1660 1660 1660 1660
346 1034 601 271 121 303 1643 726 1636 1075 1192 1307 1320 310 1307 314 1552 1197 764 1563
1316 1124 1436 1660 1660 1660 1660 1660 1660 1660 1660 1660 1660 1660 1660 1660 1660 1660 1660 1660
880 436 57 1197 1073 1660 1660 1660 1660 1660 1660 1660 1660 1660 1660 1660 1660 1660 1660 1660
314 171 1109 178 1340 68 1537 1601 1563 1660 1660 1660 1660 1660 1660 1660 1660 1660 1660 1660
1224 1075 182 560 1259 402 223 1190 437 1075 22 1404 1620 1537 436 1660 1660 1660 1660 1660
571 178 454 659 160 720 763 1075 303 1527 1293 601 1643 1075 1456 1643 306 178 808 416
828 1532 822 1122 1197 437 1075 904 880 436 481 42 454 1649 1620 594 1455 1340 652 978
716 1620 879 1253 1660 1660 1660 1660 1660 1660 1660 1660 1660 1660 1660 1660 1660 1660 1660 1660
314 1109 178 1397 1563 1660 1660 1660 1660 1660 1660 1660 1660 1660 1660 1660 1660 1660 1660 1660
250 250 1589 250 250 1491 652 1297 1075 1606 178 888 436 367 481 42 648 1197 563 1298
169 178 1036 803 774 1455 390 943 1497 468 1132 1563 1660 1660 1660 1660 1660 1660 1660 1660
178 1109 200 486 601 858 1075 178 8 1537 1319 601 437 416 749 352 1537 1535 611 726
1552 1197 987 326 1197 1567 205 720 1197 437 1563 1660 1660 1660 1660 1660 1660 1660 1660 1660
169 1197 755 652 643 516 726 1197 71 720 677 726 880 436 601 1 726 134 436 150
1332 613 244 52 708 652 1660 1660 1660 1660 1660 1660 1660 1660 1660 1660 1660 1660 1660 1660
314 941 1197 1150 1194 687 78 1563 414 1575 1172 416 1190 698 726 1660 1660 1660 1660 1660
825 1075 353 726 178 1259 638 633 178 1109 523 633 817 1075 1456 1653 1354 978 169 552
42 454 8 720 238 1537 1036 1197 437 1660 1660 1660 1660 1660 1660 1660 1660 1660 1660 1660
567 607 1660 1660 1660 1660 1660 1660 1660 1660 1660 1660 1660 1660 1660 1660 1660 1660 1660 1660
223 1105 1197 437 1075 751 1552 52 1340 123 1563 532 1197 10 437 1552 726 1212 1212 428
659 1075 583 1075 822 1075 42 1075 1229 1075 1603 1075 583 1075 1112 1075 1240 1075 583 1075
437 22 1660 1660 1660 1660 1660 1660 1660 1660 1660 1660 1660 1660 1660 1660 1660 1660 1660 1660
134 1241 1241 1241 1652 303 255 720 1620 1328 601 1000 366 468 1241 918 1197 1227 1075 481
1404 436 601 1103 720 774 943 1497 468 303 1643 416 1197 437 1660 1660 1660 1660 1660 1660
567 436 1197 205 726 1660 1660 1660 1660 1660 1660 1660 1660 1660 1660 1660 1660 1660 1660 1660
1628 169 754 1122 1197 437 880 314 1109 1197 88 416 1197 437 1660 1660 1660 1660 1660 1660
1319 436 601 10 1018 247 1660 1660 1660 1660 1660 1660 1660 1660 1660 1660 1660 1660 1660 1660
134 601 1543 416 601 922 859 1294 293 1039 848 1197 575 357 136 1095 247 486 203 108
178 1299 68 1537 494 1197 1108 255 720 1197 437 1660 1660 1660 1660 1660 1660 1660 1660 1660
710 436 815 1660 1660 1660 1660 1660 1660 1660 1660 1660 1660 1660 1660 1660 1660 1660 1660 1660
314 1109 1197 759 359 774 1660 1660 1660 1660 1660 1660 1660 1660 1660 1660 1660 1660 1660 1660
941 1197 437 1093 1197 1643 1240 1563 941 1197 437 1093 1197 1643 686 1563 1660 1660 1660 1660
1286 178 476 1537 1404 436 1197 698 52 1552 695 1404 436 1197 698 416 1463 290 1660 1660
314 1579 178 184 1340 1537 1122 1563 1660 1660 1660 1660 1660 1660 1660 1660 1660 1660 1660 1660
468 1079 222 1455 1340 1660 1660 1660 1660 1660 1660 1660 1660 1660 1660 1660 1660 1660 1660 1660
314 1109 330 792 1085 100 1563 1660 1660 1660 1660 1660 1660 1660 1660 1660 1660 1660 1660 1660
1137 1075 1555 178 578 720 601 1575 364 205 720 750 613 210 1620 611 1563 1660 1660 1660
558 468 662 121 303 1643 1660 1660 1660 1660 1660 1660 1660 1660 1660 1660 1660 1660 1660 1660
22 1404 436 1197 437 1455 42 1259 880 162 1660 1660 1660 1660 1660 1660 1660 1660 1660 1660
314 1552 1197 1108 767 88 1455 515 720 1197 10 437 1563 1660 1660 1660 1660 1660 1660 1660
407 436 1643 486 1643 416 1197 460 1075 223 1387 1197 460 726 1660 1660 1660 1660 1660 1660
314 1552 1197 287 14 1537 178 1563 1660 1660 1660 1660 1660 1660 1660 1660 1660 1660 1660 1660
544 1340 13 687 1197 437 997 311 178 1109 68 1537 1404 1620 1537 436 726 1398 109 1194
182 771 190 1197 437 1552 532 532 726 314 702 42 113 1563 1660 1660 1660 1660 1660 1660
161 1552 1197 801 532 1660 1660 1660 1660 1660 1660 1660 1660 1660 1660 1660 1660 1660 1660 1660
1456 1227 1109 533 1563 712 752 1227 1563 314 1247 1563 1552 740 601 389 1660 1660 1660 1660
638 1110 601 1151 613 134 436 601 693 1568 1110 1274 1089 652 42 454 601 205 416 80
1555 178 1404 436 601 205 943 894 601 584 613 1248 587 1147 742 468 1157 613 432 416
1552 740 601 222 121 1197 1108 359 613 532 1531 1531 532 726 585 227 436 223 1620 1660
712 1555 150 1222 431 601 10 1563 1660 1660 1660 1660 1660 1660 1660 1660 1660 1660 1660 1660
314 178 1606 880 436 481 178 414 1328 1051 1563 1660 1660 1660 1660 1660 1660 1660 1660 1660
1555 178 227 436 1197 958 1563 1660 1660 1660 1660 1660 1660 1660 1660 1660 1660 1660 1660 1660
1460 337 518 14 344 613 407 1197 567 818 468 229 1660 1660 1660 1660 1660 1660 1660 1660
764 601 290 943 1552 1197 1213 720 1197 437 196 1660 1660 1660 1660 1660 1660 1660 1660 1660
407 1197 1108 997 1643 468 1197 123 1656 1660 1660 1660 1660 1660 1660 1660 1660 1660 1660 1660
42 454 601 804 726 314 109 1197 173 1472 1660 1660 1660 1660 1660 1660 1660 1660 1660 1660
314 1552 556 1307 416 65 1563 1660 1660 1660 1660 1660 1660 1660 1660 1660 1660 1660 1660 1660
134 1197 10 205 468 601 222 121 303 1643 1660 1660 1660 1660 1660 1660 1660 1660 1660 1660
1024 1660 1660 1660 1660 1660 1660 1660 1660 1660 1660 1660 1660 1660 1660 1660 1660 1660 1660 1660
1404 436 1197 141 1537 1197 1654 1660 1660 1660 1660 1660 1660 1660 1660 1660 1660 1660 1660 1660
1194 978 444 42 1555 169 943 651 1108 726 733 1075 558 1190 1059 726 1284 1075 151 1197
57 1197 1300 205 1563 1660 1660 1660 1660 1660 1660 1660 1660 1660 1660 1660 1660 1660 1660 1660
880 436 601 977 1 687 1243 726 416 1197 1 1075 1243 1552 257 601 762 687 1197 1010
793 271 463 720 1197 1503 178 1109 1340 934 1537 880 436 1552 652 1660 1660 1660 1660 1660
42 1528 178 169 754 148 1197 437 1660 1660 1660 1660 1660 1660 1660 1660 1660 1660 1660 1660
1460 1190 186 1059 726 1332 1190 1059 879 1270 726 216 1190 102 416 663 1652 216 163 416
1404 436 1197 107 1643 1660 1660 1660 1660 1660 1660 1660 1660 1660 1660 1660 1660 1660 1660 1660
494 436 601 437 468 1330 1495 1660 1660 1660 1660 1660 1660 1660 1660 1660 1660 1660 1660 1660
314 1552 943 416 329 88 1660 1660 1660 1660 1660 1660 1660 1660 1660 1660 1660 1660 1660 1660
1108 1643 1660 1660 1660 1660 1660 1660 1660 1660 1660 1660 1660 1660 1660 1660 1660 1660 1660 1660
740 109 226 593 1537 1535 1197 437 726 1660 1660 1660 1660 1660 1660 1660 1660 1660 1660 1660
22 1555 178 1385 468 1435 1537 1197 287 1656 337 1197 287 326 182 804 613 377 303 477
134 601 1312 726 1197 1044 1552 601 205 355 1109 1340 68 1537 1122 1660 1660 1660 1660 1660
134 601 1472 416 150 470 110 1660 1660 1660 1660 1660 1660 1660 1660 1660 1660 1660 1660 1660
880 436 369 106 198 687 1197 191 720 733 205 223 1311 1620 726 1660 1660 1660 1660 1660
1398 109 1612 943 178 1606 1075 740 1552 601 821 720 470 88 943 42 8 1537 1036 1075
314 169 178 578 306 414 1190 437 1660 1660 1660 1660 1660 1660 1660 1660 1660 1660 1660 1660
51 200 726 888 22 1075 880 436 314 1537 710 1537 1197 1462 1075 904 178 1555 888 436
314 1552 1197 1167 56 1354 1197 804 1563 1660 1660 1660 1660 1660 1660 1660 1660 1660 1660 1660
314 1552 1197 1108 1391 943 1526 532 896 532 835 277 1197 205 1563 1660 1660 1660 1660 1660
314 1552 1197 1284 205 416 1197 437 726 134 196 1660 1660 1660 1660 1660 1660 1660 1660 1660
1555 178 22 880 436 1197 437 1354 650 1443 1563 1660 1660 1660 1660 1660 1660 1660 1660 1660
314 1563 1074 834 765 1106 1660 1660 1660 1660 1660 1660 1660 1660 1660 1660 1660 1660 1660 1660
880 436 1197 897 720 1239 243 943 454 1197 1030 774 1110 1197 530 416 399 99 1660 1660
1552 52 1197 567 1563 447 1313 1495 1241 814 1106 965 904 698 444 1455 226 1660 1660 1660
314 126 400 1197 958 1660 1660 1660 1660 1660 1660 1660 1660 1660 1660 1660 1660 1660 1660 1660
416 801 1563 1660 1660 1660 1660 1660 1660 1660 1660 1660 1660 1660 1660 1660 1660 1660 1660 1660
647 337 1059 14 1537 178 1075 178 1109 585 68 1537 1537 552 726 178 1566 1340 701 178
155 86 1082 699 437 1660 1660 1660 1660 1660 1660 1660 1660 1660 1660 1660 1660 1660 1660 1660
314 597 454 178 938 1636 1174 1563 1660 1660 1660 1660 1660 1660 1660 1660 1660 1660 1660 1660
178 77 1660 1660 1660 1660 1660 1660 1660 1660 1660 1660 1660 1660 1660 1660 1660 1660 1660 1660
314 1109 30 774 720 1197 1472 613 314 1552 326 613 1635 725 774 1563 1660 1660 1660 1660
1531 1103 1098 1092 1660 1660 1660 1660 1660 1660 1660 1660 1660 1660 1660 1660 1660 1660 1660 1660
42 1545 1340 1127 687 1197 437 726 1460 1197 164 1059 613 698 1197 804 726 1372 583 804
314 1109 1197 788 1141 88 720 1197 437 1660 1660 1660 1660 1660 1660 1660 1660 1660 1660 1660
1385 1197 698 1537 436 1660 1660 1660 1660 1660 1660 1660 1660 1660 1660 1660 1660 1660 1660 1660
701 468 1197 437 168 196 1660 1660 1660 1660 1660 1660 1660 1660 1660 1660 1660 1660 1660 1660
712 111 1552 1190 437 1563 1660 1660 1660 1660 1660 1660 1660 1660 1660 1660 1660 1660 1660 1660
1555 178 494 601 141 687 1197 1119 1643 720 1197 437 1563 1660 1660 1660 1660 1660 1660 1660
42 1545 150 1222 506 1660 1660 1660 1660 1660 1660 1660 1660 1660 1660 1660 1660 1660 1660 1660
178 1128 601 1025 779 277 1197 645 1275 726 2 765 1537 1650 598 178 1109 732 1537 1601
1555 880 436 1075 548 178 1655 468 601 1307 532 1307 1537 134 1197 437 613 573 468 1197
227 436 1197 510 958 1075 1076 1008 360 822 613 1240 468 601 1495 1660 1660 1660 1660 1660
1555 178 880 436 1197 1472 297 611 360 733 1643 1563 1660 1660 1660 1660 1660 1660 1660 1660
1555 178 1404 436 1197 675 1643 486 1643 1563 1660 1660 1660 1660 1660 1660 1660 1660 1660 1660
416 1456 143 659 160 720 763 1660 1660 1660 1660 1660 1660 1660 1660 1660 1660 1660 1660 1660
481 178 1008 337 1227 416 1190 205 468 1197 1235 271 416 143 720 1197 709 583 314 306
880 436 463 198 687 1197 164 287 726 874 608 1537 337 1227 1660 1660 1660 1660 1660 1660
885 1075 1398 109 98 601 1085 1075 740 1259 414 601 563 455 255 685 1554 1075 1554 1552
314 1109 1197 88 468 123 537 1660 1660 1660 1660 1660 1660 1660 1660 1660 1660 1660 1660 1660
1460 337 164 1059 613 880 436 1197 437 1660 1660 1660 1660 1660 1660 1660 1660 1660 1660 1660
880 436 481 1197 755 437 1552 1306 783 652 1224 1106 1106 1660 1660 1660 1660 1660 1660 1660
941 1197 437 454 759 897 416 1620 1563 1660 1660 1660 1660 1660 1660 1660 1660 1660 1660 1660
314 1552 416 1197 160 1660 1660 1660 1660 1660 1660 1660 1660 1660 1660 1660 1660 1660 1660 1660
227 436 1197 1472 42 702 468 566 1660 1660 1660 1660 1660 1660 1660 1660 1660 1660 1660 1660
314 1552 1197 1643 1635 1197 1188 1643 720 1197 437 1563 1660 1660 1660 1660 1660 1660 1660 1660
885 1075 353 726 277 585 1328 178 1109 539 1537 638 1110 601 1431 1075 1456 1653 1354 532
42 1545 1340 724 1417 178 687 1197 437 1106 169 178 1035 1563 1660 1660 1660 1660 1660 1660
22 494 437 1660 1660 1660 1660 1660 1660 1660 1660 1660 1660 1660 1660 1660 1660 1660 1660 1660
22 1481 360 1643 1636 601 1552 388 613 388 1552 942 613 1636 1328 726 739 306 525 601
982 1660 1660 1660 1660 1660 1660 1660 1660 1660 1660 1660 1660 1660 1660 1660 1660 1660 1660 1660
712 752 1563 1660 1660 1660 1660 1660 1660 1660 1660 1660 1660 1660 1660 1660 1660 1660 1660 1660
42 702 824 726 22 558 726 1660 1660 1660 1660 1660 1660 1660 1660 1660 1660 1660 1660 1660
1552 890 1197 437 1563 172 1194 444 1455 226 1660 1660 1660 1660 1660 1660 1660 1660 1660 1660
314 1552 601 1345 1475 675 486 217 953 1043 1537 437 1660 1660 1660 1660 1660 1660 1660 1660
314 1552 10 1660 1660 1660 1660 1660 1660 1660 1660 1660 1660 1660 1660 1660 1660 1660 1660 1660
880 436 1197 1340 1636 1032 437 1660 1660 1660 1660 1660 1660 1660 1660 1660 1660 1660 1660 1660
900 1431 1075 42 866 943 52 1655 768 178 1485 726 355 1109 1215 150 1619 416 773 470
1433 601 1204 1660 1660 1660 1660 1660 1660 1660 1660 1660 1660 1660 1660 1660 1660 1660 1660 1660
314 1109 186 1059 1660 1660 1660 1660 1660 1660 1660 1660 1660 1660 1660 1660 1660 1660 1660 1660
314 1532 1603 601 760 720 1197 437 1563 1660 1660 1660 1660 1660 1660 1660 1660 1660 1660 1660
880 436 314 205 42 702 1340 68 1537 1194 327 42 306 1122 1197 437 726 22 764 1620
42 629 781 1240 1643 668 1108 790 416 774 726 606 178 1109 68 1537 13 687 211 726
127 207 437 1075 532 1493 532 1336 1563 1660 1660 1660 1660 1660 1660 1660 1660 1660 1660 1660
1383 1197 755 1537 1197 10 652 988 726 223 1105 1197 10 1075 314 1109 1197 1264 1046 1563
42 702 1224 1075 601 335 1222 726 182 538 1552 1537 948 613 494 1480 1537 1181 416 601
314 126 1197 10 1655 178 172 291 436 1563 1660 1660 1660 1660 1660 1660 1660 1660 1660 1660
1076 514 178 1566 184 1197 707 399 437 1075 52 1552 1340 1016 1110 1127 687 437 1075 613
1460 178 186 1055 1075 178 1109 585 68 1537 13 687 552 1075 314 255 1566 42 697 733
314 1532 1603 1197 1108 480 255 1660 1660 1660 1660 1660 1660 1660 1660 1660 1660 1660 1660 1660
931 306 939 781 1110 362 567 1563 1660 1660 1660 1660 1660 1660 1660 1660 1660 1660 1660 1660
1637 1529 915 1143 308 1288 420 188 1164 1075 1083 1131 397 1563 1660 1660 1660 1660 1660 1660
314 1555 178 880 436 687 1197 437 1563 1660 1660 1660 1660 1660 1660 1660 1660 1660 1660 1660
822 1562 1592 1471 1592 1307 1603 601 1240 834 1241 1106 1031 250 1560 822 42 686 1592 1471
314 306 414 1197 320 990 1354 351 158 1563 1660 1660 1660 1660 1660 1660 1660 1660 1660 1660
458 52 672 652 1517 834 1241 1106 1031 250 1560 876 1660 1660 1660 1660 1660 1660 1660 1660
1555 178 134 601 1643 590 1552 1340 416 687 178 1493 754 1601 1563 1660 1660 1660 1660 1660
1109 178 756 1537 230 1563 1555 178 242 1190 437 1328 1028 1563 1660 1660 1660 1660 1660 1660
712 169 178 1385 1197 205 1563 1660 1660 1660 1660 1660 1660 1660 1660 1660 1660 1660 1660 1660
880 436 416 319 1660 1660 1660 1660 1660 1660 1660 1660 1660 1660 1660 1660 1660 1660 1660 1660
1197 1629 720 1197 205 1552 264 1660 1660 1660 1660 1660 1660 1660 1660 1660 1660 1660 1660 1660
941 1197 205 1093 271 1294 613 712 752 145 1563 1660 1660 1660 1660 1660 1660 1660 1660 1660
47 1273 652 182 239 1552 1224 1075 42 1041 414 1090 1075 42 633 945 726 42 1041 1177
1546 1190 437 1075 1652 134 1197 1593 613 558 436 1197 11 1123 726 1660 1660 1660 1660 1660
178 1109 934 1537 1122 1197 437 1075 1076 1194 1620 196 1660 1660 1660 1660 1660 1660 1660 1660
1385 611 1197 1059 726 781 123 224 726 1660 1660 1660 1660 1660 1660 1660 1660 1660 1660 1660
952 1404 436 1197 1108 1643 720 1197 437 1660 1660 1660 1660 1660 1660 1660 1660 1660 1660 1660
1385 1620 1076 1650 1620 798 1456 1552 1197 39 854 1660 1660 1660 1660 1660 1660 1660 1660 1660
178 1109 601 949 1075 1559 601 1189 1537 888 1190 1108 536 688 771 601 10 1472 726 22
1103 1197 88 56 416 1197 1108 672 74 486 662 1660 1660 1660 1660 1660 1660 1660 1660 1660
1456 1227 306 178 1065 481 42 167 1354 1197 10 437 277 725 652 1256 1660 1660 1660 1660
941 1197 437 1497 468 1459 1660 1660 1660 1660 1660 1660 1660 1660 1660 1660 1660 1660 1660 1660
314 1552 1190 239 1563 1660 1660 1660 1660 1660 1660 1660 1660 1660 1660 1660 1660 1660 1660 1660
178 1109 1224 601 1161 456 1272 1020 1537 294 437 1537 1084 879 1515 726 178 1109 1224 601
712 752 692 1307 1592 1307 1552 1633 1660 1660 1660 1660 1660 1660 1660 1660 1660 1660 1660 1660
880 436 1197 698 416 801 1652 1660 1660 1660 1660 1660 1660 1660 1660 1660 1660 1660 1660 1660
57 135 416 532 1180 428 726 532 1660 1660 1660 1660 1660 1660 1660 1660 1660 1660 1660 1660
880 436 601 1352 1294 1197 396 1552 1197 437 1660 1660 1660 1660 1660 1660 1660 1660 1660 1660
178 1109 68 1537 880 436 314 1620 1552 223 1127 687 1620 1075 134 1620 854 1643 190 601
941 1620 1093 515 1455 1025 88 1660 1660 1660 1660 1660 1660 1660 1660 1660 1660 1660 1660 1660
314 109 1197 247 481 178 808 601 532 759 532 416 121 303 1643 1563 1660 1660 1660 1660
1555 178 494 1108 264 88 416 1197 10 1660 1660 1660 1660 1660 1660 1660 1660 1660 1660 1660
134 436 601 386 1 687 601 501 943 1017 416 1516 613 1466 1197 10 437 1660 1660 1660
314 1552 1197 1108 613 1567 1643 720 437 1563 1660 1660 1660 1660 1660 1660 1660 1660 1660 1660
1552 1197 1108 255 1425 1455 1279 1656 1660 1660 1660 1660 1660 1660 1660 1660 1660 1660 1660 1660
1190 1441 454 1340 522 45 1075 1404 436 1441 1354 303 205 1660 1660 1660 1660 1660 1660 1660
314 109 1197 54 255 1660 1660 1660 1660 1660 1660 1660 1660 1660 1660 1660 1660 1660 1660 1660
880 436 694 1087 198 687 1197 10 205 1660 1660 1660 1660 1660 1660 1660 1660 1660 1660 1660
42 1532 1496 912 1575 235 1075 1555 178 888 436 468 1197 437 1660 1660 1660 1660 1660 1660
627 416 1197 365 532 1238 160 365 1236 532 1354 659 774 1660 1660 1660 1660 1660 1660 1660
1108 205 720 1197 437 1660 1660 1660 1660 1660 1660 1660 1660 1660 1660 1660 1660 1660 1660 1660
1194 1108 364 774 187 1660 1660 1660 1660 1660 1660 1660 1660 1660 1660 1660 1660 1660 1660 1660
558 314 1552 642 416 1197 755 290 1075 223 1105 1197 94 290 416 1190 698 652 1517 834
941 1197 10 1472 454 532 1240 834 1241 1106 1031 250 1560 646 1313 652 38 475 207 1563
943 109 225 726 42 278 1608 1537 13 687 1197 852 1586 720 1197 437 1660 1660 1660 1660
1555 178 888 436 1563 1660 1660 1660 1660 1660 1660 1660 1660 1660 1660 1660 1660 1660 1660 1660
1555 178 706 1197 205 468 123 918 1563 1660 1660 1660 1660 1660 1660 1660 1660 1660 1660 1660
314 1109 1197 1227 1537 1190 1321 427 1660 1660 1660 1660 1660 1660 1660 1660 1660 1660 1660 1660
134 601 1568 943 360 366 1624 468 601 1643 720 1197 1292 1660 1660 1660 1660 1660 1660 1660
134 1197 437 943 178 1109 1340 934 1537 1122 1660 1660 1660 1660 1660 1660 1660 1660 1660 1660
22 1555 42 454 1197 437 1660 1660 1660 1660 1660 1660 1660 1660 1660 1660 1660 1660 1660 1660
1552 1180 1531 428 1197 437 1660 1660 1660 1660 1660 1660 1660 1660 1660 1660 1660 1660 1660 1660
645 1660 1660 1660 1660 1660 1660 1660 1660 1660 1660 1660 1660 1660 1660 1660 1660 1660 1660 1660
1433 601 1568 277 1197 1227 720 1197 437 726 1660 1660 1660 1660 1660 1660 1660 1660 1660 1660
880 436 601 1 687 1197 437 613 1008 1197 796 468 150 433 1660 1660 1660 1660 1660 1660
134 1197 205 416 1096 143 1660 1660 1660 1660 1660 1660 1660 1660 1660 1660 1660 1660 1660 1660
1555 178 1404 436 601 1312 943 127 1197 1227 720 1197 437 416 601 265 143 1563 1660 1660
1620 636 633 178 1109 301 1537 830 1303 52 804 726 943 1382 1537 436 943 991 941 1340
825 1224 1075 314 109 1197 10 437 1563 1660 1660 1660 1660 1660 1660 1660 1660 1660 1660 1660
64 613 151 1190 1059 726 1008 1197 437 468 250 250 250 250 250 250 250 250 416 1190
1552 1620 87 1537 1197 186 437 1660 1660 1660 1660 1660 1660 1660 1660 1660 1660 1660 1660 1660
808 1136 121 1197 1227 720 1197 205 726 1660 1660 1660 1660 1660 1660 1660 1660 1660 1660 1660
316 316 775 1050 652 1584 1303 1075 1460 337 186 1059 698 337 839 1631 1048 1048 314 1109
1552 1197 437 532 630 532 532 1460 1059 613 227 1197 437 532 1660 1660 1660 1660 1660 1660
182 478 342 613 1423 291 436 601 232 726 1620 1552 181 364 1537 436 726 358 1620 285
544 98 314 1552 1197 10 1660 1660 1660 1660 1660 1660 1660 1660 1660 1660 1660 1660 1660 1660
712 752 1227 1109 416 1197 247 1537 1577 753 659 613 314 1552 190 1142 1495 1660 1660 1660
1404 436 601 359 1472 196 468 601 222 121 303 255 1660 1660 1660 1660 1660 1660 1660 1660
904 1389 1197 383 255 1660 1660 1660 1660 1660 1660 1660 1660 1660 1660 1660 1660 1660 1660 1660
622 1660 1660 1660 1660 1660 1660 1660 1660 1660 1660 1660 1660 1660 1660 1660 1660 1660 1660 1660
328 1075 314 306 1197 1499 540 633 481 318 416 1054 1563 1660 1660 1660 1660 1660 1660 1660
1470 1552 150 492 726 928 902 291 1430 601 205 613 2 877 1537 1524 1315 156 1075 1548
223 300 892 437 1075 712 752 1227 416 1197 1108 205 1660 1660 1660 1660 1660 1660 1660 1660
1546 1620 1102 884 613 1404 436 1197 173 1660 1660 1660 1660 1660 1660 1660 1660 1660 1660 1660
1109 740 955 18 463 515 416 1190 437 1563 1660 1660 1660 1660 1660 1660 1660 1660 1660 1660
1102 904 1168 613 465 706 738 1313 1495 1241 814 1106 512 1660 1660 1660 1660 1660 1660 1660
314 1555 178 880 436 1660 1660 1660 1660 1660 1660 1660 1660 1660 1660 1660 1660 1660 1660 1660
880 436 687 1197 437 223 1105 1197 437 726 1109 740 803 924 1563 988 1660 1660 1660 1660
941 1197 437 549 468 601 726 1563 1660 1660 1660 1660 1660 1660 1660 1660 1660 1660 1660 1660
42 169 754 27 178 181 454 601 247 1075 327 42 306 1036 1660 1660 1660 1660 1660 1660
42 454 689 1537 1084 1102 1197 437 726 42 585 8 1537 1481 1620 726 42 169 754 1608
314 42 8 1537 169 1660 1660 1660 1660 1660 1660 1660 1660 1660 1660 1660 1660 1660 1660 1660
1555 178 407 1197 205 532 83 532 1531 1460 1197 1567 839 1075 407 1197 205 532 885 532
134 1197 437 468 601 1376 121 303 255 1660 1660 1660 1660 1660 1660 1660 1660 1660 1660 1660
1294 109 1197 761 1563 1660 1660 1660 1660 1660 1660 1660 1660 1660 1660 1660 1660 1660 1660 1660
42 1545 1340 864 539 1537 26 468 226 854 1660 1660 1660 1660 1660 1660 1660 1660 1660 1660
1052 1660 1660 1660 1660 1660 1660 1660 1660 1660 1660 1660 1660 1660 1660 1660 1660 1660 1660 1660
1541 314 1643 1552 69 416 1197 437 1660 1660 1660 1660 1660 1660 1660 1660 1660 1660 1660 1660
314 205 1555 178 1340 1122 1563 1660 1660 1660 1660 1660 1660 1660 1660 1660 1660 1660 1660 1660
1404 436 1197 1503 468 601 583 121 303 255 1075 1076 169 754 880 436 1197 1503 1660 1660
444 1190 437 22 1660 1660 1660 1660 1660 1660 1660 1660 1660 1660 1660 1660 1660 1660 1660 1660
314 1109 1197 88 178 56 416 1197 1567 872 720 1190 1108 672 1563 1660 1660 1660 1660 1660
1305 314 306 414 601 1130 437 1563 1660 1660 1660 1660 1660 1660 1660 1660 1660 1660 1660 1660
1555 178 1385 1197 10 1660 1660 1660 1660 1660 1660 1660 1660 1660 1660 1660 1660 1660 1660 1660
42 702 178 726 314 1109 1197 800 42 8 1537 1590 1537 1489 1563 169 754 647 1197 618
42 8 1537 1378 182 1060 247 726 42 1608 1537 781 52 652 270 1555 178 128 601 593
314 1109 337 1197 1148 178 1606 1610 1197 755 619 1563 532 740 109 601 1452 416 1197 823
1578 337 755 1059 1110 311 601 543 1117 745 159 1620 726 1055 652 661 254 1552 601 352
1460 1413 726 172 943 734 314 1566 1340 414 184 1075 416 1643 415 366 1075 22 726 1660
178 1109 1340 68 1537 1509 1190 1350 726 178 1646 184 436 1197 437 1075 1555 178 151 1620
178 1109 601 1394 943 127 348 1049 1635 1197 437 726 314 1109 399 1369 1563 1660 1660 1660
97 577 1201 1639 1564 79 1563 1542 308 1202 1660 1660 1660 1660 1660 1660 1660 1660 1660 1660
137 121 303 1643 1660 1660 1660 1660 1660 1660 1660 1660 1660 1660 1660 1660 1660 1660 1660 1660
1103 360 1000 1656 1003 255 416 143 613 880 436 481 740 1552 601 222 1455 1047 298 190
42 454 1230 1197 437 132 692 726 585 42 454 1537 1378 1620 1489 1075 1076 585 42 8
880 436 601 205 943 941 1340 26 803 796 613 1262 468 1197 205 178 1555 1340 880 436
178 1109 150 1222 1354 1614 10 936 726 1190 1557 1552 1537 448 936 720 711 1409 1483 726
1076 42 1545 1190 478 613 42 8 1537 139 1106 1660 1660 1660 1660 1660 1660 1660 1660 1660
1555 178 26 815 178 1299 1340 934 1537 223 1105 1620 583 1650 598 178 26 1620 416 488
1552 1197 698 601 1573 1563 1660 1660 1660 1660 1660 1660 1660 1660 1660 1660 1660 1660 1660 1660
314 1552 1197 1503 178 212 1537 1601 1563 1660 1660 1660 1660 1660 1660 1660 1660 1660 1660 1660
437 437 437 437 437 437 437 437 437 437 437 437 437 437 437 437 437 437 437 437
178 1109 1197 444 1222 1363 1075 178 1259 1194 444 1537 1413 42 550 1354 1660 1660 1660 1660
314 1552 337 1197 88 599 1197 1108 255 1563 1660 1660 1660 1660 1660 1660 1660 1660 1660 1660
715 799 495 714 1660 1660 1660 1660 1660 1660 1660 1660 1660 1660 1660 1660 1660 1660 1660 1660
503 1296 1288 1374 1131 1564 1288 420 1660 1660 1660 1660 1660 1660 1660 1660 1660 1660 1660 1660
1456 1552 1197 1549 1643 720 437 1660 1660 1660 1660 1660 1660 1660 1660 1660 1660 1660 1660 1660
1635 943 1221 931 205 781 178 1660 1660 1660 1660 1660 1660 1660 1660 1660 1660 1660 1660 1660
794 1110 878 1110 1390 1555 178 134 436 601 1568 687 1620 1563 1660 1660 1660 1660 1660 1660
103 1546 601 1130 437 1660 1660 1660 1660 1660 1660 1660 1660 1660 1660 1660 1660 1660 1660 1660
314 1552 1190 1366 205 1563 1660 1660 1660 1660 1660 1660 1660 1660 1660 1660 1660 1660 1660 1660
134 1197 437 468 601 271 69 1537 303 1643 1660 1660 1660 1660 1660 1660 1660 1660 1660 1660
1460 186 1059 1086 151 1197 191 720 1197 364 774 1660 1660 1660 1660 1660 1660 1660 1660 1660
1620 1532 1603 1164 416 1563 1660 1660 1660 1660 1660 1660 1660 1660 1660 1660 1660 1660 1660 1660
1555 178 880 436 712 752 88 1190 437 1552 1563 1660 1660 1660 1660 1660 1660 1660 1660 1660
941 1197 437 1093 803 1227 1563 481 1636 712 752 1563 481 1620 1552 955 18 1141 314 1109
712 752 1227 1109 416 1197 533 205 1563 1660 1660 1660 1660 1660 1660 1660 1660 1660 1660 1660
14 943 1197 755 1552 1190 604 652 1443 1336 532 740 109 532 759 1336 532 601 532 1141
178 1109 585 601 881 726 1210 168 601 1472 178 1036 613 178 1319 1620 416 1018 247 829
1456 437 126 541 1537 178 1660 1660 1660 1660 1660 1660 1660 1660 1660 1660 1660 1660 1660 1660
712 461 1552 1443 165 1443 1563 1660 1660 1660 1660 1660 1660 1660 1660 1660 1660 1660 1660 1660
1404 1621 498 1660 1660 1660 1660 1660 1660 1660 1660 1660 1660 1660 1660 1660 1660 1660 1660 1660
703 337 842 416 31 720 1227 1419 1110 601 959 119 726 1460 337 186 1059 726 880 436
314 1552 1190 69 437 1563 1660 1660 1660 1660 1660 1660 1660 1660 1660 1660 1660 1660 1660 1660
472 1552 545 1467 767 1227 680 1660 1660 1660 1660 1660 1660 1660 1660 1660 1660 1660 1660 1660
1552 1197 76 205 815 574 18 1113 854 875 1660 1660 1660 1660 1660 1660 1660 1660 1660 1660
1552 1197 271 1238 416 1197 437 1563 1660 1660 1660 1660 1660 1660 1660 1660 1660 1660 1660 1660
1612 416 1197 1260 613 178 8 1537 880 436 178 437 1354 1422 1660 1660 1660 1660 1660 1660
332 1197 1108 672 720 1197 1150 164 726 1660 1660 1660 1660 1660 1660 1660 1660 1660 1660 1660
941 1190 437 1497 468 532 292 532 1563 1660 1660 1660 1660 1660 1660 1660 1660 1660 1660 1660
481 740 1552 601 205 943 178 1036 42 169 754 1036 583 1194 751 1620 941 1340 1116 468
314 1552 150 858 1563 1660 1660 1660 1660 1660 1660 1660 1660 1660 1660 1660 1660 1660 1660 1660
126 989 138 44 425 1563 1414 919 726 1660 1660 1660 1660 1660 1660 1660 1660 1660 1660 1660
314 1532 1603 1197 437 1660 1660 1660 1660 1660 1660 1660 1660 1660 1660 1660 1660 1660 1660 1660
22 656 1489 726 178 1579 1340 934 1537 1122 1190 437 1537 436 726 22 558 1197 66 1418
1460 40 164 613 1404 436 437 1660 1660 1660 1660 1660 1660 1660 1660 1660 1660 1660 1660 1660
134 1197 437 416 150 1052 1568 1660 1660 1660 1660 1660 1660 1660 1660 1660 1660 1660 1660 1660
1552 1197 437 601 205 1563 1660 1660 1660 1660 1660 1660 1660 1660 1660 1660 1660 1660 1660 1660
682 1075 968 1075 923 726 1643 1443 194 1563 1660 1660 1660 1660 1660 1660 1660 1660 1660 1660
22 169 1340 705 1197 437 416 1190 698 726 314 126 1190 186 1350 1075 157 337 924 468
1077 515 1563 1660 1660 1660 1660 1660 1660 1660 1660 1660 1660 1660 1660 1660 1660 1660 1660 1660
880 436 601 1 687 712 178 24 879 601 335 1222 726 42 702 1190 602 613 306 633
1612 1197 755 416 287 1552 416 266 583 314 306 1190 266 698 414 1354 1197 804 190 1197
1089 1109 872 153 583 1294 1552 925 583 314 1552 1197 1501 1075 943 1552 601 290 943 127
244 601 404 943 1019 416 360 1115 532 1443 1336 532 628 1294 433 1552 1197 450 1643 720
1197 336 469 184 178 1537 226 1122 1197 247 1109 301 1537 206 178 586 416 726 393 1075
314 1552 1197 1187 1643 720 1197 437 1563 1660 1660 1660 1660 1660 1660 1660 1660 1660 1660 1660
314 1552 1197 1567 255 416 303 205 1660 1660 1660 1660 1660 1660 1660 1660 1660 1660 1660 1660
1332 52 277 65 1537 275 652 1660 1660 1660 1660 1660 1660 1660 1660 1660 1660 1660 1660 1660
42 1545 1340 1617 416 803 936 726 22 830 1197 171 681 601 1498 1229 613 808 1197 990
314 1552 1197 437 720 1197 555 753 1563 1660 1660 1660 1660 1660 1660 1660 1660 1660 1660 1660
223 1105 552 1075 175 951 979 943 1197 10 127 52 255 1392 652 1660 1660 1660 1660 1660
1332 1620 416 1094 1660 1660 1660 1660 1660 1660 1660 1660 1660 1660 1660 1660 1660 1660 1660 1660
1190 1108 366 1552 1087 726 26 943 416 601 352 720 601 1 416 279 774 1660 1660 1660
42 454 601 205 613 1620 930 1197 359 205 720 1190 726 1089 1552 1197 205 973 834 1241
199 1660 1660 1660 1660 1660 1660 1660 1660 1660 1660 1660 1660 1660 1660 1660 1660 1660 1660 1660
1650 150 1052 1568 468 303 1643 1110 1197 1108 1643 720 601 563 366 1660 1660 1660 1660 1660
1552 1197 17 1120 416 1197 1472 1563 444 1455 226 1660 1660 1660 1660 1660 1660 1660 1660 1660
1555 178 1332 1197 755 1537 1270 613 698 1620 1563 532 1552 428 416 1197 437 1075 698 416
1190 1129 1059 1109 135 1075 781 331 287 416 698 726 437 1566 414 916 1075 169 1340 1332
1009 1660 1660 1660 1660 1660 1660 1660 1660 1660 1660 1660 1660 1660 1660 1660 1660 1660 1660 1660
1197 437 1552 652 1660 1660 1660 1660 1660 1660 1660 1660 1660 1660 1660 1660 1660 1660 1660 1660
314 1552 1269 398 1531 1531 428 1660 1660 1660 1660 1660 1660 1660 1660 1660 1660 1660 1660 1660
42 702 1448 1075 1197 933 886 1396 726 42 702 1346 85 1104 493 613 1304 493 277 601
22 729 42 454 1197 437 1075 231 1356 207 1660 1660 1660 1660 1660 1660 1660 1660 1660 1660
1552 428 1455 1180 601 10 1563 1660 1660 1660 1660 1660 1660 1660 1660 1660 1660 1660 1660 1660
22 1332 1197 755 287 1537 1511 613 1652 244 1197 1055 532 1540 1443 613 1141 532 1660 1660
22 1075 134 182 593 1204 613 416 1197 1567 983 1398 436 1036 1197 437 196 1660 1660 1660
134 601 205 468 360 1643 720 1197 205 726 134 337 88 1075 1631 408 784 1660 1660 1660
1650 150 1052 1568 468 601 1032 1472 1110 660 1660 1660 1660 1660 1660 1660 1660 1660 1660 1660
314 109 1197 1108 480 1227 1660 1660 1660 1660 1660 1660 1660 1660 1660 1660 1660 1660 1660 1660
532 726 585 151 1413 42 1071 726 1660 1660 1660 1660 1660 1660 1660 1660 1660 1660 1660 1660
801 532 730 746 532 613 1194 1620 1660 1660 1660 1660 1660 1660 1660 1660 1660 1660 1660 1660
1197 437 1552 532 1269 398 428 532 1563 169 42 134 1620 322 593 1075 444 1455 226 1563
210 1197 123 486 1227 1008 1197 926 486 532 463 532 1660 1660 1660 1660 1660 1660 1660 1660
42 880 178 182 437 1075 1652 178 880 436 1660 1660 1660 1660 1660 1660 1660 1660 1660 1660
407 1059 164 1660 1660 1660 1660 1660 1660 1660 1660 1660 1660 1660 1660 1660 1660 1660 1660 1660
169 178 454 601 10 1563 1660 1660 1660 1660 1660 1660 1660 1660 1660 1660 1660 1660 1660 1660
706 1197 1330 720 214 720 1197 437 1660 1660 1660 1660 1660 1660 1660 1660 1660 1660 1660 1660
314 1555 178 880 436 223 509 1190 800 1563 22 414 1110 1258 1110 1390 416 1190 698 1075
1623 1560 250 1031 1106 1241 834 655 1313 652 475 207 475 805 726 1660 1660 1660 1660 1660
178 184 436 178 454 471 46 726 314 1109 843 1563 1660 1660 1660 1660 1660 1660 1660 1660
1552 1452 1197 1108 1015 1563 1660 1660 1660 1660 1660 1660 1660 1660 1660 1660 1660 1660 1660 1660
178 1109 226 783 1224 726 178 1109 226 783 1224 726 178 1109 226 783 1224 726 1398 109
751 1552 1197 437 1340 659 160 720 763 1660 1660 1660 1660 1660 1660 1660 1660 1660 1660 1660
494 1197 1108 1350 1537 1197 804 393 223 122 55 726 1197 69 804 1552 1340 601 1257 494
277 943 10 205 178 92 21 1075 1108 227 436 1197 205 178 1535 486 1570 1197 733 255
1385 1620 594 1660 1660 1660 1660 1660 1660 1660 1660 1660 1660 1660 1660 1660 1660 1660 1660 1660
178 1109 791 1537 948 1075 42 1367 178 1660 1660 1660 1660 1660 1660 1660 1660 1660 1660 1660
1552 740 1247 416 1197 437 1563 1660 1660 1660 1660 1660 1660 1660 1660 1660 1660 1660 1660 1660
1404 437 1660 1660 1660 1660 1660 1660 1660 1660 1660 1660 1660 1660 1660 1660 1660 1660 1660 1660
681 601 1204 1660 1660 1660 1660 1660 1660 1660 1660 1660 1660 1660 1660 1660 1660 1660 1660 1660
825 1224 1106 22 1606 42 454 1197 437 1563 1660 1660 1660 1660 1660 1660 1660 1660 1660 1660
880 436 601 455 1 687 601 1534 707 288 1441 277 150 1222 687 1197 437 1075 1076 169
712 752 1025 88 169 178 454 583 846 1489 1660 1660 1660 1660 1660 1660 1660 1660 1660 1660
1398 109 98 601 718 834 601 1085 1636 42 1555 1535 1537 1036 178 726 42 104 550 178
1197 1085 1552 178 1109 601 1222 259 1537 436 613 1041 169 314 42 1194 726 905 1563 1660
42 702 178 726 314 1109 1197 1258 800 355 8 1537 1590 1537 913 707 597 1563 169 754
314 126 1190 1284 672 1563 1660 1660 1660 1660 1660 1660 1660 1660 1660 1660 1660 1660 1660 1660
57 1197 437 468 150 601 190 1197 1497 1660 1660 1660 1660 1660 1660 1660 1660 1660 1660 1660
880 436 1197 290 1456 42 8 1537 808 393 1660 1660 1660 1660 1660 1660 1660 1660 1660 1660
1008 1197 88 720 1197 437 468 601 1000 222 1660 1660 1660 1660 1660 1660 1660 1660 1660 1660
1552 1190 437 850 1106 1563 1660 1660 1660 1660 1660 1660 1660 1660 1660 1660 1660 1660 1660 1660
712 752 88 169 42 210 1563 1660 1660 1660 1660 1660 1660 1660 1660 1660 1660 1660 1660 1660
178 489 416 833 720 601 133 53 1462 726 340 52 53 1552 1197 855 1537 601 375 5
308 596 1660 1660 1660 1660 1660 1660 1660 1660 1660 1660 1660 1660 1660 1660 1660 1660 1660 1660
712 1555 42 1535 178 1537 13 687 1191 1660 1660 1660 1660 1660 1660 1660 1660 1660 1660 1660
505 1472 1043 1537 1197 907 1660 1660 1660 1660 1660 1660 1660 1660 1660 1660 1660 1660 1660 1660
435 255 720 1197 10 1660 1660 1660 1660 1660 1660 1660 1660 1660 1660 1660 1660 1660 1660 1660
314 1552 1197 1567 1643 1660 1660 1660 1660 1660 1660 1660 1660 1660 1660 1660 1660 1660 1660 1660
712 1109 1197 1025 88 1109 56 416 52 437 1660 1660 1660 1660 1660 1660 1660 1660 1660 1660
880 436 601 205 943 1552 1197 312 1586 720 1197 437 1563 1660 1660 1660 1660 1660 1660 1660
314 1552 1197 1330 1660 1660 1660 1660 1660 1660 1660 1660 1660 1660 1660 1660 1660 1660 1660 1660
771 1197 247 1660 1660 1660 1660 1660 1660 1660 1660 1660 1660 1660 1660 1660 1660 1660 1660 1660
151 1197 164 287 726 1660 1660 1660 1660 1660 1660 1660 1660 1660 1660 1660 1660 1660 1660 1660
22 550 436 1354 1197 437 1660 1660 1660 1660 1660 1660 1660 1660 1660 1660 1660 1660 1660 1660
712 169 42 1535 178 1537 1122 1197 437 1563 1660 1660 1660 1660 1660 1660 1660 1660 1660 1660
314 306 1190 48 1194 687 1197 437 1563 1660 1660 1660 1660 1660 1660 1660 1660 1660 1660 1660
42 454 938 81 1480 652 822 1562 1592 1471 1592 1307 1603 601 1240 834 1241 1106 1031 250
481 178 578 843 1109 1417 1190 239 1075 1652 1460 1197 1108 1055 726 481 178 578 843 1109
416 601 1305 236 1294 178 169 754 454 1537 1536 803 800 1075 314 306 178 169 726 52
1555 178 1404 436 601 205 943 1326 468 1197 437 1075 223 1105 1197 1042 437 1563 1660 1660
22 1398 436 1036 733 613 1284 1227 1660 1660 1660 1660 1660 1660 1660 1660 1660 1660 1660 1660
178 1109 860 1197 1015 720 1290 726 1290 1178 1197 1287 205 486 205 1075 442 1340 1537 868
314 1109 1197 1227 416 1197 437 1660 1660 1660 1660 1660 1660 1660 1660 1660 1660 1660 1660 1660
134 601 520 1354 1154 825 1106 178 1299 601 1223 613 568 1347 416 712 1537 1535 1197 25
314 1552 282 1563 1660 1660 1660 1660 1660 1660 1660 1660 1660 1660 1660 1660 1660 1660 1660 1660
1137 1224 314 437 306 178 372 1563 1660 1660 1660 1660 1660 1660 1660 1660 1660 1660 1660 1660
1460 497 858 1660 1660 1660 1660 1660 1660 1660 1660 1660 1660 1660 1660 1660 1660 1660 1660 1660
94 52 672 652 1197 437 1552 601 1660 1660 1660 1660 1660 1660 1660 1660 1660 1660 1660 1660
314 1552 1197 437 416 801 196 1660 1660 1660 1660 1660 1660 1660 1660 1660 1660 1660 1660 1660
978 1660 1660 1660 1660 1660 1660 1660 1660 1660 1660 1660 1660 1660 1660 1660 1660 1660 1660 1660
401 1106 1660 1660 1660 1660 1660 1660 1660 1660 1660 1660 1660 1660 1660 1660 1660 1660 1660 1660
1404 1197 205 1076 75 1410 486 1627 1660 1660 1660 1660 1660 1660 1660 1660 1660 1660 1660 1660
1520 436 314 1552 437 1599 468 601 391 437 921 1456 1111 414 56 1537 1183 613 1456 1552
606 943 178 1579 1340 547 1537 1122 1197 437 726 314 306 414 1197 1567 209 437 223 1567
42 702 1197 1063 1075 314 1552 1197 1108 205 720 1197 247 1660 1660 1660 1660 1660 1660 1660
42 1545 301 1537 697 1197 437 1110 652 1517 834 1241 1106 1031 250 1560 1533 1313 652 38
1567 1643 1660 1660 1660 1660 1660 1660 1660 1660 1660 1660 1660 1660 1660 1660 1660 1660 1660 1660
1555 178 622 687 1197 437 1563 1660 1660 1660 1660 1660 1660 1660 1660 1660 1660 1660 1660 1660
42 1532 1496 150 1222 625 1537 1618 601 437 726 42 8 1245 1059 1537 1458 416 52 116
1567 909 1227 1660 1660 1660 1660 1660 1660 1660 1660 1660 1660 1660 1660 1660 1660 1660 1660 1660
416 314 143 1552 1197 10 1563 1660 1660 1660 1660 1660 1660 1660 1660 1660 1660 1660 1660 1660
134 601 1568 468 1197 1030 271 720 806 1110 1197 1330 720 1197 205 178 1109 1281 726 303
204 1660 1660 1660 1660 1660 1660 1660 1660 1660 1660 1660 1660 1660 1660 1660 1660 1660 1660 1660
134 601 140 384 1328 601 1472 1043 1537 1197 604 1660 1660 1660 1660 1660 1660 1660 1660 1660
880 436 1197 10 205 1567 1643 1660 1660 1660 1660 1660 1660 1660 1660 1660 1660 1660 1660 1660
1332 1620 879 65 468 1025 88 1358 1660 1660 1660 1660 1660 1660 1660 1660 1660 1660 1660 1660
407 178 1059 252 1075 696 1197 781 720 1197 437 1660 1660 1660 1660 1660 1660 1660 1660 1660
227 1197 1567 1077 1432 720 1197 547 790 1660 1660 1660 1660 1660 1660 1660 1660 1660 1660 1660
377 1197 205 1660 1660 1660 1660 1660 1660 1660 1660 1660 1660 1660 1660 1660 1660 1660 1660 1660
1197 287 178 1555 1340 26 416 801 1660 1660 1660 1660 1660 1660 1660 1660 1660 1660 1660 1660
42 1545 233 178 190 1469 841 726 42 104 221 481 178 169 754 880 436 1197 437 726
178 1109 934 1537 880 436 1197 437 726 314 1109 1197 1567 659 88 720 1197 437 1563 1660
1443 652 803 1059 178 454 522 14 1026 720 52 958 1555 1340 414 970 726 803 1059 416
42 1528 178 828 1532 822 1036 1197 10 1660 1660 1660 1660 1660 1660 1660 1660 1660 1660 1660
1404 601 437 22 1660 1660 1660 1660 1660 1660 1660 1660 1660 1660 1660 1660 1660 1660 1660 1660
1398 109 462 726 178 1109 529 1219 551 601 966 121 601 1268 943 911 601 726 1635 303
314 109 1197 437 196 613 1197 1108 872 88 190 1197 1440 1660 1660 1660 1660 1660 1660 1660
1385 1197 123 698 196 1660 1660 1660 1660 1660 1660 1660 1660 1660 1660 1660 1660 1660 1660 1660
314 1552 1197 437 229 818 613 861 613 1652 229 818 1660 1660 1660 1660 1660 1660 1660 1660
1465 159 601 1516 1075 740 126 150 1222 1049 1224 726 1224 126 150 1600 1222 943 147 1197
943 1532 1603 1340 1197 698 726 656 1489 1075 1076 705 150 490 1406 720 1190 771 726 1660
314 1552 103 720 512 1660 1660 1660 1660 1660 1660 1660 1660 1660 1660 1660 1660 1660 1660 1660
134 150 1052 1568 687 1197 437 223 1631 1197 437 726 1660 1660 1660 1660 1660 1660 1660 1660
151 1660 1660 1660 1660 1660 1660 1660 1660 1660 1660 1660 1660 1660 1660 1660 1660 1660 1660 1660
314 1526 178 19 1563 1660 1660 1660 1660 1660 1660 1660 1660 1660 1660 1660 1660 1660 1660 1660
1555 42 454 601 622 1660 1660 1660 1660 1660 1660 1660 1660 1660 1660 1660 1660 1660 1660 1660
1567 463 1227 720 374 1660 1660 1660 1660 1660 1660 1660 1660 1660 1660 1660 1660 1660 1660 1660
314 1109 178 1340 68 1537 880 436 1563 1660 1660 1660 1660 1660 1660 1660 1660 1660 1660 1660
151 1197 290 532 601 532 369 692 1660 1660 1660 1660 1660 1660 1660 1660 1660 1660 1660 1660
803 1441 1563 1660 1660 1660 1660 1660 1660 1660 1660 1660 1660 1660 1660 1660 1660 1660 1660 1660
998 1660 1660 1660 1660 1660 1660 1660 1660 1660 1660 1660 1660 1660 1660 1660 1660 1660 1660 1660
1456 854 1563 1660 1660 1660 1660 1660 1660 1660 1660 1660 1660 1660 1660 1660 1660 1660 1660 1660
42 702 641 1660 1660 1660 1660 1660 1660 1660 1660 1660 1660 1660 1660 1660 1660 1660 1660 1660
314 1552 150 1169 720 1197 563 437 1563 377 303 255 486 601 1339 207 726 1336 1660 1660
712 752 1227 416 1197 437 1660 1660 1660 1660 1660 1660 1660 1660 1660 1660 1660 1660 1660 1660
885 1660 1660 1660 1660 1660 1660 1660 1660 1660 1660 1660 1660 1660 1660 1660 1660 1660 1660 1660
1398 109 120 1486 1537 1197 1108 1655 720 873 966 726 314 937 1635 1197 383 205 1563 22
808 1197 958 190 1197 549 720 1197 649 1537 1404 436 1486 182 992 1660 1660 1660 1660 1660
13 687 1620 453 726 1620 109 1628 1075 42 1545 150 1140 1660 1660 1660 1660 1660 1660 1660
1190 253 1660 1660 1660 1660 1660 1660 1660 1660 1660 1660 1660 1660 1660 1660 1660 1660 1660 1660
42 1608 1537 1535 1080 1294 1634 194 532 370 532 416 1379 726 42 1608 1197 764 1537 414
880 1197 437 1075 42 702 1197 1525 1660 1660 1660 1660 1660 1660 1660 1660 1660 1660 1660 1660
801 482 883 1474 299 1560 250 1031 1106 1241 834 1240 1241 834 36 1660 1660 1660 1660 1660
42 702 1197 1060 1063 726 42 454 1490 1190 1165 1537 697 936 726 1537 459 1538 1075 178
712 1555 98 1660 1660 1660 1660 1660 1660 1660 1660 1660 1660 1660 1660 1660 1660 1660 1660 1660
42 702 1190 1276 1075 613 1190 1442 1072 446 1075 178 1566 1340 206 1010 277 1190 674 1660
314 1109 1197 144 88 720 1197 1472 1563 1660 1660 1660 1660 1660 1660 1660 1660 1660 1660 1660
494 1197 10 437 1660 1660 1660 1660 1660 1660 1660 1660 1660 1660 1660 1660 1660 1660 1660 1660
42 1545 865 1106 1197 904 1503 943 1555 961 436 1552 1197 437 1660 1660 1660 1660 1660 1660
134 436 1197 437 1627 692 1660 1660 1660 1660 1660 1660 1660 1660 1660 1660 1660 1660 1660 1660
1404 436 465 1537 437 468 921 1537 303 633 750 1660 1660 1660 1660 1660 1660 1660 1660 1660
1246 1587 1563 1660 1660 1660 1660 1660 1660 1660 1660 1660 1660 1660 1660 1660 1660 1660 1660 1660
316 316 364 1050 1106 1460 337 186 1591 178 1109 68 1537 698 552 1106 1075 638 1110 601
885 314 1552 1197 437 109 1108 1643 1563 1660 1660 1660 1660 1660 1660 1660 1660 1660 1660 1660
615 273 726 664 1660 1660 1660 1660 1660 1660 1660 1660 1660 1660 1660 1660 1660 1660 1660 1660
314 1555 414 1101 1563 1660 1660 1660 1660 1660 1660 1660 1660 1660 1660 1660 1660 1660 1660 1660
1109 740 924 121 1197 774 1563 1660 1660 1660 1660 1660 1660 1660 1660 1660 1660 1660 1660 1660
134 601 1204 416 1197 827 720 268 1473 687 437 1366 726 440 611 1190 219 307 1075 613
712 1109 1197 390 74 1563 1660 1660 1660 1660 1660 1660 1660 1660 1660 1660 1660 1660 1660 1660
1555 178 1546 416 229 1563 1660 1660 1660 1660 1660 1660 1660 1660 1660 1660 1660 1660 1660 1660
322 1110 355 1514 52 966 1075 178 1579 14 1239 40 726 1555 178 713 1197 1258 40 1563
712 1537 525 354 30 1660 1660 1660 1660 1660 1660 1660 1660 1660 1660 1660 1660 1660 1660 1660
52 1552 601 954 178 1228 905 1190 1421 726 363 178 1155 52 804 652 532 712 21 1552
885 1224 1075 42 1545 601 563 810 720 419 726 42 172 177 182 105 613 8 1537 1447
182 205 196 1552 1297 1075 314 1532 1603 750 1563 1660 1660 1660 1660 1660 1660 1660 1660 1660
134 1197 437 468 924 84 121 726 943 1552 1340 1016 1110 1105 1197 567 1660 1660 1660 1660
1552 1197 437 1197 176 1660 1660 1660 1660 1660 1660 1660 1660 1660 1660 1660 1660 1660 1660 1660
1197 437 1552 1158 1660 1660 1660 1660 1660 1660 1660 1660 1660 1660 1660 1660 1660 1660 1660 1660
980 1660 1660 1660 1660 1660 1660 1660 1660 1660 1660 1660 1660 1660 1660 1660 1660 1660 1660 1660
314 1552 10 416 661 254 1660 1660 1660 1660 1660 1660 1660 1660 1660 1660 1660 1660 1660 1660
1555 178 880 436 815 687 1197 737 56 416 1197 604 1563 1660 1660 1660 1660 1660 1660 1660
314 1552 1197 271 720 88 720 150 65 205 943 1293 1197 1030 1330 720 1197 10 437 1563
712 752 692 1552 1197 205 659 416 1197 437 1563 1660 1660 1660 1660 1660 1660 1660 1660 1660
42 246 1197 698 978 1364 652 207 726 651 1076 1620 291 436 150 1298 1075 751 1552 943
880 601 1 943 118 436 1537 567 1537 1197 69 1476 1660 1660 1660 1660 1660 1660 1660 1660
314 109 1197 1108 369 1227 720 1197 437 1660 1660 1660 1660 1660 1660 1660 1660 1660 1660 1660
22 151 1197 1059 207 468 924 416 121 1197 1227 1336 1636 355 1555 1357 226 854 777 1422
42 1545 601 304 613 702 195 720 539 879 1197 1249 1091 726 314 1552 601 1130 116 1354
223 932 1197 437 1075 880 436 1197 88 416 1620 726 519 303 255 468 601 222 1636 178
712 752 88 1660 1660 1660 1660 1660 1660 1660 1660 1660 1660 1660 1660 1660 1660 1660 1660 1660
1555 178 698 444 1455 226 153 1563 1109 740 515 1563 1660 1660 1660 1660 1660 1660 1660 1660
1555 42 22 454 1197 437 1660 1660 1660 1660 1660 1660 1660 1660 1660 1660 1660 1660 1660 1660
710 1197 437 1660 1660 1660 1660 1660 1660 1660 1660 1660 1660 1660 1660 1660 1660 1660 1660 1660
1555 178 1404 436 601 111 1103 720 774 943 1109 364 1537 178 1563 1660 1660 1660 1660 1660
1460 1197 164 40 613 1122 1197 437 726 1660 1660 1660 1660 1660 1660 1660 1660 1660 1660 1660
481 178 1109 213 1537 26 468 601 1407 1455 1222 1075 1555 178 26 468 150 426 1203 1455
178 1259 1340 1122 1197 437 726 169 1197 1586 720 1197 1567 672 726 1660 1660 1660 1660 1660
1479 1297 1537 1197 549 720 1197 437 726 1539 1197 437 879 1627 774 726 880 436 1197 1108
1103 1197 1227 1660 1660 1660 1660 1660 1660 1660 1660 1660 1660 1660 1660 1660 1660 1660 1660 1660
1060 652 707 170 652 1140 652 958 1086 355 1109 585 412 150 1055 1135 726 416 143 1537
314 109 1190 101 1328 1340 755 1190 1059 1563 1660 1660 1660 1660 1660 1660 1660 1660 1660 1660
808 1197 1503 178 1555 1532 822 13 687 416 389 1636 178 1532 215 1340 1127 687 1620 1660
1555 178 1404 436 1197 437 1216 854 709 1563 1660 1660 1660 1660 1660 1660 1660 1660 1660 1660
1460 337 186 1059 726 1660 1660 1660 1660 1660 1660 1660 1660 1660 1660 1660 1660 1660 1660 1660
416 150 1153 840 1294 667 1222 1552 934 1537 1122 1075 314 306 1197 1222 1194 481 42 167
314 1109 1197 887 943 178 1566 981 26 1162 1563 1404 436 601 1370 1103 468 1190 747 202
437 1563 1660 1660 1660 1660 1660 1660 1660 1660 1660 1660 1660 1660 1660 1660 1660 1660 1660 1660
941 1197 1119 1537 1197 1567 1643 720 1197 437 582 1635 1197 1643 532 485 532 416 1197 709
169 754 880 436 552 687 1197 437 1075 1076 1075 1354 303 255 416 1197 437 1075 227 436
854 1555 1546 815 486 700 303 255 361 726 52 1259 4 665 1595 726 22 1546 1197 205
712 1145 1552 1620 1563 1660 1660 1660 1660 1660 1660 1660 1660 1660 1660 1660 1660 1660 1660 1660
1385 314 178 1555 1340 1601 893 1660 1660 1660 1660 1660 1660 1660 1660 1660 1660 1660 1660 1660
880 436 1197 88 720 1197 437 726 1660 1660 1660 1660 1660 1660 1660 1660 1660 1660 1660 1660
314 1552 52 610 1563 1660 1660 1660 1660 1660 1660 1660 1660 1660 1660 1660 1660 1660 1660 1660
